(0,-8.98,-9,0.02)
(0.02,-8.96,-8.9996,0.04)
(0.04,-8.94002,-8.9988,0.06)
(0.06,-8.92006,-8.9976,0.08)
(0.08,-8.90012,-8.996,0.1)
(0.1,-8.88022,-8.99401,0.12)
(0.12,-8.86036,-8.99161,0.14)
(0.14,-8.84056,-8.98882,0.16)
(0.16,-8.82081,-8.98563,0.18)
(0.18,-8.80114,-8.98205,0.2)
(0.2,-8.78154,-8.97808,0.22)
(0.22,-8.76202,-8.97372,0.24)
(0.24,-8.74259,-8.96896,0.26)
(0.26,-8.72326,-8.96382,0.28)
(0.28,-8.70404,-8.95829,0.3)
(0.3,-8.68494,-8.95238,0.32)
(0.32,-8.66595,-8.94609,0.34)
(0.34,-8.6471,-8.93942,0.36)
(0.36,-8.62838,-8.93238,0.38)
(0.38,-8.60981,-8.92496,0.4)
(0.4,-8.59138,-8.91717,0.42)
(0.42,-8.57312,-8.90901,0.44)
(0.44,-8.55503,-8.9005,0.46)
(0.46,-8.53711,-8.89162,0.48)
(0.48,-8.51937,-8.88238,0.5)
(0.5,-8.50181,-8.87279,0.488576)
(0.52,-8.48415,-8.86341,0.477152)
(0.54,-8.46639,-8.85422,0.465729)
(0.56,-8.44852,-8.84524,0.454305)
(0.58,-8.43055,-8.83646,0.442881)
(0.6,-8.41248,-8.82789,0.431457)
(0.62,-8.39431,-8.81953,0.420034)
(0.64,-8.37605,-8.81137,0.40861)
(0.66,-8.35769,-8.80342,0.397186)
(0.68,-8.33925,-8.79569,0.385762)
(0.7,-8.32072,-8.78816,0.374339)
(0.72,-8.30211,-8.78085,0.362915)
(0.74,-8.28341,-8.77375,0.351491)
(0.76,-8.26463,-8.76686,0.340067)
(0.78,-8.24578,-8.76019,0.328644)
(0.8,-8.22685,-8.75374,0.31722)
(0.82,-8.20785,-8.7475,0.305796)
(0.84,-8.18877,-8.74148,0.294372)
(0.86,-8.16963,-8.73567,0.282948)
(0.88,-8.15043,-8.73009,0.271525)
(0.9,-8.13116,-8.72473,0.260101)
(0.92,-8.11183,-8.71958,0.248677)
(0.94,-8.09245,-8.71466,0.237253)
(0.96,-8.07301,-8.70996,0.22583)
(0.98,-8.05352,-8.70548,0.214406)
(1,-8.03398,-8.70123,0.218126)
(1.02,-8.01445,-8.6969,0.221846)
(1.04,-7.99494,-8.6925,0.225565)
(1.06,-7.97545,-8.68803,0.229285)
(1.08,-7.95597,-8.68348,0.233005)
(1.1,-7.93651,-8.67886,0.236725)
(1.12,-7.91707,-8.67417,0.240445)
(1.14,-7.89764,-8.66941,0.244165)
(1.16,-7.87824,-8.66457,0.247885)
(1.18,-7.85885,-8.65967,0.251604)
(1.2,-7.83948,-8.65469,0.255324)
(1.22,-7.82013,-8.64964,0.259044)
(1.24,-7.80079,-8.64451,0.262764)
(1.26,-7.78148,-8.63932,0.266484)
(1.28,-7.76219,-8.63405,0.270204)
(1.3,-7.74291,-8.62871,0.273923)
(1.32,-7.72366,-8.6233,0.277643)
(1.34,-7.70442,-8.61782,0.281363)
(1.36,-7.68521,-8.61227,0.285083)
(1.38,-7.66602,-8.60664,0.288803)
(1.4,-7.64684,-8.60095,0.292523)
(1.42,-7.62769,-8.59518,0.296243)
(1.44,-7.60857,-8.58934,0.299962)
(1.46,-7.58946,-8.58343,0.303682)
(1.48,-7.57037,-8.57745,0.307402)
(1.5,-7.55131,-8.5714,0.287402)
(1.52,-7.53213,-8.56573,0.267402)
(1.54,-7.51284,-8.56044,0.247402)
(1.56,-7.49345,-8.55555,0.227402)
(1.58,-7.47397,-8.55104,0.207402)
(1.6,-7.4544,-8.54692,0.187402)
(1.62,-7.43475,-8.54319,0.167402)
(1.64,-7.41502,-8.53986,0.147402)
(1.66,-7.39524,-8.53692,0.127402)
(1.68,-7.3754,-8.53438,0.107402)
(1.7,-7.35552,-8.53224,0.0874021)
(1.72,-7.3356,-8.53049,0.0674021)
(1.74,-7.31564,-8.52915,0.0474021)
(1.76,-7.29566,-8.5282,0.0274021)
(1.78,-7.27567,-8.52765,0.0074021)
(1.8,-7.25567,-8.5275,-0.0125979)
(1.82,-7.23567,-8.52775,-0.0325979)
(1.84,-7.21568,-8.52841,-0.0525979)
(1.86,-7.19571,-8.52946,-0.0725979)
(1.88,-7.17576,-8.53091,-0.0925979)
(1.9,-7.15585,-8.53276,-0.112598)
(1.92,-7.13598,-8.535,-0.132598)
(1.94,-7.11615,-8.53765,-0.152598)
(1.96,-7.09638,-8.54069,-0.172598)
(1.98,-7.07668,-8.54412,-0.192598)
(2,-7.05705,-8.54795,-0.185093)
(2.02,-7.03739,-8.55163,-0.177589)
(2.04,-7.01771,-8.55517,-0.170084)
(2.06,-6.998,-8.55855,-0.16258)
(2.08,-6.97826,-8.56179,-0.155075)
(2.1,-6.9585,-8.56488,-0.14757)
(2.12,-6.93872,-8.56782,-0.140066)
(2.14,-6.91891,-8.57061,-0.132561)
(2.16,-6.89909,-8.57325,-0.125057)
(2.18,-6.87924,-8.57575,-0.117552)
(2.2,-6.85938,-8.57809,-0.110047)
(2.22,-6.8395,-8.58029,-0.102543)
(2.24,-6.81961,-8.58234,-0.0950381)
(2.26,-6.7997,-8.58424,-0.0875335)
(2.28,-6.77978,-8.58598,-0.0800289)
(2.3,-6.75984,-8.58758,-0.0725243)
(2.32,-6.73989,-8.58903,-0.0650197)
(2.34,-6.71993,-8.59033,-0.0575151)
(2.36,-6.69997,-8.59148,-0.0500105)
(2.38,-6.67999,-8.59248,-0.0425059)
(2.4,-6.66001,-8.59333,-0.0350013)
(2.42,-6.64002,-8.59403,-0.0274967)
(2.44,-6.62003,-8.59458,-0.0199921)
(2.46,-6.60003,-8.59498,-0.0124875)
(2.48,-6.58004,-8.59523,-0.0049829)
(2.5,-6.56004,-8.59533,0.0150171)
(2.52,-6.54004,-8.59503,0.0350171)
(2.54,-6.52005,-8.59433,0.0550171)
(2.56,-6.50008,-8.59323,0.0750171)
(2.58,-6.48014,-8.59173,0.0950171)
(2.6,-6.46023,-8.58983,0.115017)
(2.62,-6.44036,-8.58754,0.135017)
(2.64,-6.42054,-8.58485,0.155017)
(2.66,-6.40078,-8.58176,0.175017)
(2.68,-6.38109,-8.57828,0.195017)
(2.7,-6.36147,-8.5744,0.215017)
(2.72,-6.34193,-8.57013,0.235017)
(2.74,-6.32248,-8.56548,0.255017)
(2.76,-6.30312,-8.56043,0.275017)
(2.78,-6.28387,-8.555,0.295017)
(2.8,-6.26474,-8.54918,0.315017)
(2.82,-6.24572,-8.54299,0.335017)
(2.84,-6.22683,-8.53641,0.355017)
(2.86,-6.20808,-8.52946,0.375017)
(2.88,-6.18947,-8.52213,0.395017)
(2.9,-6.17101,-8.51444,0.415017)
(2.92,-6.15271,-8.50637,0.435017)
(2.94,-6.13457,-8.49794,0.455017)
(2.96,-6.11661,-8.48915,0.475017)
(2.98,-6.09882,-8.48001,0.495017)
(3,-6.08122,-8.47051,0.475017)
(3.02,-6.06344,-8.46136,0.455017)
(3.04,-6.04547,-8.45257,0.435017)
(3.06,-6.02733,-8.44414,0.415017)
(3.08,-6.00903,-8.43608,0.395017)
(3.1,-5.99057,-8.42838,0.375017)
(3.12,-5.97196,-8.42106,0.355017)
(3.14,-5.95321,-8.4141,0.335017)
(3.16,-5.93432,-8.40753,0.315017)
(3.18,-5.91531,-8.40133,0.295017)
(3.2,-5.89617,-8.39552,0.275017)
(3.22,-5.87692,-8.39008,0.255017)
(3.24,-5.85757,-8.38504,0.235017)
(3.26,-5.83812,-8.38038,0.215017)
(3.28,-5.81858,-8.37611,0.195017)
(3.3,-5.79896,-8.37224,0.175017)
(3.32,-5.77926,-8.36876,0.155017)
(3.34,-5.7595,-8.36567,0.135017)
(3.36,-5.73969,-8.36298,0.115017)
(3.38,-5.71982,-8.36068,0.0950171)
(3.4,-5.69991,-8.35878,0.0750171)
(3.42,-5.67996,-8.35728,0.0550171)
(3.44,-5.65999,-8.35618,0.0350171)
(3.46,-5.64001,-8.35548,0.0150171)
(3.48,-5.62001,-8.35518,-0.0049829)
(3.5,-5.60001,-8.35528,0.0150171)
(3.52,-5.58001,-8.35498,0.0350171)
(3.54,-5.56002,-8.35428,0.0550171)
(3.56,-5.54005,-8.35318,0.0750171)
(3.58,-5.52011,-8.35168,0.0950171)
(3.6,-5.5002,-8.34979,0.115017)
(3.62,-5.48033,-8.34749,0.135017)
(3.64,-5.46051,-8.3448,0.155017)
(3.66,-5.44075,-8.34171,0.175017)
(3.68,-5.42106,-8.33823,0.195017)
(3.7,-5.40144,-8.33435,0.215017)
(3.72,-5.3819,-8.33009,0.235017)
(3.74,-5.36245,-8.32543,0.255017)
(3.76,-5.3431,-8.32038,0.275017)
(3.78,-5.32385,-8.31495,0.295017)
(3.8,-5.30471,-8.30914,0.315017)
(3.82,-5.2857,-8.30294,0.335017)
(3.84,-5.26681,-8.29637,0.355017)
(3.86,-5.24805,-8.28941,0.375017)
(3.88,-5.22944,-8.28209,0.395017)
(3.9,-5.21098,-8.27439,0.415017)
(3.92,-5.19268,-8.26633,0.435017)
(3.94,-5.17455,-8.2579,0.455017)
(3.96,-5.15658,-8.24911,0.475017)
(3.98,-5.13879,-8.23996,0.495017)
(4,-5.1212,-8.23046,0.510574)
(4.02,-5.10375,-8.22069,0.526131)
(4.04,-5.08645,-8.21064,0.541687)
(4.06,-5.06931,-8.20033,0.557244)
(4.08,-5.05234,-8.18975,0.572801)
(4.1,-5.03553,-8.17891,0.588358)
(4.12,-5.0189,-8.16781,0.603915)
(4.14,-5.00243,-8.15646,0.619471)
(4.16,-4.98615,-8.14485,0.635028)
(4.18,-4.97005,-8.13298,0.650585)
(4.2,-4.95413,-8.12087,0.666142)
(4.22,-4.93841,-8.10851,0.681699)
(4.24,-4.92288,-8.09591,0.697255)
(4.26,-4.90755,-8.08306,0.712812)
(4.28,-4.89242,-8.06999,0.728369)
(4.3,-4.87749,-8.05667,0.743926)
(4.32,-4.86277,-8.04313,0.759483)
(4.34,-4.84827,-8.02936,0.775039)
(4.36,-4.83398,-8.01536,0.790596)
(4.38,-4.81991,-8.00115,0.806153)
(4.4,-4.80607,-7.98671,0.82171)
(4.42,-4.79245,-7.97207,0.837266)
(4.44,-4.77906,-7.95721,0.852823)
(4.46,-4.7659,-7.94215,0.86838)
(4.48,-4.75298,-7.92688,0.883937)
(4.5,-4.7403,-7.91142,0.863937)
(4.52,-4.72731,-7.89621,0.843937)
(4.54,-4.71402,-7.88127,0.823937)
(4.56,-4.70043,-7.86659,0.803937)
(4.58,-4.68656,-7.85219,0.783937)
(4.6,-4.67239,-7.83807,0.763937)
(4.62,-4.65795,-7.82423,0.743937)
(4.64,-4.64323,-7.81069,0.723937)
(4.66,-4.62825,-7.79744,0.703937)
(4.68,-4.613,-7.7845,0.683937)
(4.7,-4.5975,-7.77186,0.663937)
(4.72,-4.58175,-7.75953,0.643937)
(4.74,-4.56576,-7.74753,0.623937)
(4.76,-4.54952,-7.73584,0.603937)
(4.78,-4.53306,-7.72448,0.583937)
(4.8,-4.51638,-7.71346,0.563937)
(4.82,-4.49947,-7.70277,0.543937)
(4.84,-4.48236,-7.69242,0.523937)
(4.86,-4.46504,-7.68241,0.503937)
(4.88,-4.44753,-7.67275,0.483937)
(4.9,-4.42983,-7.66345,0.463937)
(4.92,-4.41194,-7.6545,0.443937)
(4.94,-4.39388,-7.64591,0.423937)
(4.96,-4.37565,-7.63768,0.403937)
(4.98,-4.35726,-7.62982,0.383937)
(5,-4.33871,-7.62233,0.403937)
(5.02,-4.32032,-7.61447,0.423937)
(5.04,-4.30209,-7.60624,0.443937)
(5.06,-4.28403,-7.59765,0.463937)
(5.08,-4.26615,-7.5887,0.483937)
(5.1,-4.24844,-7.5794,0.503937)
(5.12,-4.23093,-7.56974,0.523937)
(5.14,-4.21361,-7.55973,0.543937)
(5.16,-4.1965,-7.54938,0.563937)
(5.18,-4.1796,-7.53869,0.583937)
(5.2,-4.16291,-7.52767,0.603937)
(5.22,-4.14645,-7.51631,0.623937)
(5.24,-4.13022,-7.50462,0.643937)
(5.26,-4.11422,-7.49262,0.663937)
(5.28,-4.09847,-7.48029,0.683937)
(5.3,-4.08297,-7.46766,0.703937)
(5.32,-4.06772,-7.45471,0.723937)
(5.34,-4.05274,-7.44147,0.743937)
(5.36,-4.03802,-7.42792,0.763937)
(5.38,-4.02358,-7.41409,0.783937)
(5.4,-4.00942,-7.39996,0.803937)
(5.42,-3.99554,-7.38556,0.823937)
(5.44,-3.98195,-7.37089,0.843937)
(5.46,-3.96866,-7.35594,0.863937)
(5.48,-3.95567,-7.34073,0.883937)
(5.5,-3.94299,-7.32527,0.895361)
(5.52,-3.93049,-7.30966,0.906784)
(5.54,-3.91816,-7.29391,0.918208)
(5.56,-3.90602,-7.27802,0.929632)
(5.58,-3.89405,-7.26199,0.941056)
(5.6,-3.88227,-7.24583,0.952479)
(5.62,-3.87068,-7.22953,0.963903)
(5.64,-3.85927,-7.2131,0.975327)
(5.66,-3.84806,-7.19654,0.986751)
(5.68,-3.83703,-7.17986,0.998174)
(5.7,-3.82619,-7.16305,1.0096)
(5.72,-3.81555,-7.14612,1.02102)
(5.74,-3.8051,-7.12906,1.03245)
(5.76,-3.79484,-7.11189,1.04387)
(5.78,-3.78479,-7.09461,1.05529)
(5.8,-3.77493,-7.0772,1.06672)
(5.82,-3.76527,-7.05969,1.07814)
(5.84,-3.75581,-7.04207,1.08956)
(5.86,-3.74655,-7.02434,1.10099)
(5.88,-3.73749,-7.00651,1.11241)
(5.9,-3.72864,-6.98857,1.12384)
(5.92,-3.72,-6.97054,1.13526)
(5.94,-3.71156,-6.95241,1.14668)
(5.96,-3.70333,-6.93418,1.15811)
(5.98,-3.69531,-6.91586,1.16953)
(6,-3.6875,-6.89745,1.14953)
(6.02,-3.67932,-6.87919,1.12953)
(6.04,-3.67078,-6.86111,1.10953)
(6.06,-3.66188,-6.8432,1.08953)
(6.08,-3.65262,-6.82547,1.06953)
(6.1,-3.64301,-6.80793,1.04953)
(6.12,-3.63305,-6.79059,1.02953)
(6.14,-3.62274,-6.77345,1.00953)
(6.16,-3.6121,-6.75652,0.989531)
(6.18,-3.60112,-6.7398,0.969531)
(6.2,-3.5898,-6.72331,0.949531)
(6.22,-3.57816,-6.70704,0.929531)
(6.24,-3.5662,-6.69102,0.909531)
(6.26,-3.55392,-6.67523,0.889531)
(6.28,-3.54132,-6.6597,0.869531)
(6.3,-3.52842,-6.64442,0.849531)
(6.32,-3.51521,-6.6294,0.829531)
(6.34,-3.50171,-6.61465,0.809531)
(6.36,-3.48791,-6.60017,0.789531)
(6.38,-3.47383,-6.58597,0.769531)
(6.4,-3.45946,-6.57205,0.749531)
(6.42,-3.44482,-6.55842,0.729531)
(6.44,-3.42991,-6.54509,0.709531)
(6.46,-3.41474,-6.53206,0.689531)
(6.48,-3.39931,-6.51934,0.669531)
(6.5,-3.38362,-6.50693,0.689531)
(6.52,-3.36819,-6.49421,0.709531)
(6.54,-3.35302,-6.48118,0.729531)
(6.56,-3.33811,-6.46785,0.749531)
(6.58,-3.32347,-6.45422,0.769531)
(6.6,-3.30911,-6.4403,0.789531)
(6.62,-3.29502,-6.4261,0.809531)
(6.64,-3.28123,-6.41162,0.829531)
(6.66,-3.26772,-6.39687,0.849531)
(6.68,-3.25451,-6.38185,0.869531)
(6.7,-3.24161,-6.36657,0.889531)
(6.72,-3.22901,-6.35104,0.909531)
(6.74,-3.21673,-6.33525,0.929531)
(6.76,-3.20477,-6.31922,0.949531)
(6.78,-3.19313,-6.30296,0.969531)
(6.8,-3.18181,-6.28647,0.989531)
(6.82,-3.17083,-6.26975,1.00953)
(6.84,-3.16019,-6.25282,1.02953)
(6.86,-3.14988,-6.23568,1.04953)
(6.88,-3.13992,-6.21834,1.06953)
(6.9,-3.13031,-6.2008,1.08953)
(6.92,-3.12105,-6.18307,1.10953)
(6.94,-3.11215,-6.16516,1.12953)
(6.96,-3.10361,-6.14708,1.14953)
(6.98,-3.09543,-6.12882,1.16953)
(7,-3.08762,-6.11041,1.14953)
(7.02,-3.07944,-6.09216,1.12953)
(7.04,-3.0709,-6.07408,1.10953)
(7.06,-3.062,-6.05617,1.08953)
(7.08,-3.05274,-6.03844,1.06953)
(7.1,-3.04313,-6.0209,1.04953)
(7.12,-3.03317,-6.00356,1.02953)
(7.14,-3.02287,-5.98641,1.00953)
(7.16,-3.01222,-5.96948,0.989531)
(7.18,-3.00124,-5.95277,0.969531)
(7.2,-2.98993,-5.93628,0.949531)
(7.22,-2.97828,-5.92001,0.929531)
(7.24,-2.96632,-5.90399,0.909531)
(7.26,-2.95404,-5.8882,0.889531)
(7.28,-2.94144,-5.87267,0.869531)
(7.3,-2.92854,-5.85739,0.849531)
(7.32,-2.91533,-5.84237,0.829531)
(7.34,-2.90183,-5.82761,0.809531)
(7.36,-2.88803,-5.81313,0.789531)
(7.38,-2.87395,-5.79893,0.769531)
(7.4,-2.85958,-5.78502,0.749531)
(7.42,-2.84494,-5.77139,0.729531)
(7.44,-2.83003,-5.75806,0.709531)
(7.46,-2.81486,-5.74503,0.689531)
(7.48,-2.79943,-5.73231,0.669531)
(7.5,-2.78375,-5.7199,0.685088)
(7.52,-2.76826,-5.70724,0.700645)
(7.54,-2.75297,-5.69435,0.716201)
(7.56,-2.73788,-5.68122,0.731758)
(7.58,-2.723,-5.66785,0.747315)
(7.6,-2.70833,-5.65426,0.762872)
(7.62,-2.69388,-5.64044,0.778428)
(7.64,-2.67964,-5.6264,0.793985)
(7.66,-2.66562,-5.61213,0.809542)
(7.68,-2.65182,-5.59765,0.825099)
(7.7,-2.63825,-5.58296,0.840656)
(7.72,-2.62491,-5.56806,0.856212)
(7.74,-2.6118,-5.55295,0.871769)
(7.76,-2.59893,-5.53764,0.887326)
(7.78,-2.58631,-5.52214,0.902883)
(7.8,-2.57392,-5.50643,0.91844)
(7.82,-2.56178,-5.49054,0.933996)
(7.84,-2.54988,-5.47446,0.949553)
(7.86,-2.53824,-5.4582,0.96511)
(7.88,-2.52686,-5.44175,0.980667)
(7.9,-2.51573,-5.42514,0.996224)
(7.92,-2.50486,-5.40835,1.01178)
(7.94,-2.49425,-5.39139,1.02734)
(7.96,-2.48391,-5.37427,1.04289)
(7.98,-2.47383,-5.357,1.05845)
(8,-2.46403,-5.33957,1.03845)
(8.02,-2.45388,-5.32233,1.01845)
(8.04,-2.44339,-5.30531,0.998451)
(8.06,-2.43255,-5.28849,0.978451)
(8.08,-2.42139,-5.2719,0.958451)
(8.1,-2.40989,-5.25554,0.938451)
(8.12,-2.39807,-5.2394,0.918451)
(8.14,-2.38593,-5.22351,0.898451)
(8.16,-2.37347,-5.20786,0.878451)
(8.18,-2.36071,-5.19247,0.858451)
(8.2,-2.34763,-5.17733,0.838451)
(8.22,-2.33426,-5.16246,0.818451)
(8.24,-2.32059,-5.14786,0.798451)
(8.26,-2.30664,-5.13353,0.778451)
(8.28,-2.2924,-5.11949,0.758451)
(8.3,-2.27788,-5.10573,0.738451)
(8.32,-2.26309,-5.09227,0.718451)
(8.34,-2.24803,-5.0791,0.698451)
(8.36,-2.23272,-5.06624,0.678451)
(8.38,-2.21715,-5.05369,0.658451)
(8.4,-2.20133,-5.04145,0.638451)
(8.42,-2.18527,-5.02954,0.618451)
(8.44,-2.16897,-5.01794,0.598451)
(8.46,-2.15245,-5.00667,0.578451)
(8.48,-2.1357,-4.99574,0.558451)
(8.5,-2.11874,-4.98514,0.578451)
(8.52,-2.10199,-4.97421,0.598451)
(8.54,-2.08547,-4.96294,0.618451)
(8.56,-2.06917,-4.95134,0.638451)
(8.58,-2.05311,-4.93942,0.658451)
(8.6,-2.03729,-4.92719,0.678451)
(8.62,-2.02172,-4.91463,0.698451)
(8.64,-2.00641,-4.90177,0.718451)
(8.66,-1.99135,-4.88861,0.738451)
(8.68,-1.97656,-4.87515,0.758451)
(8.7,-1.96204,-4.86139,0.778451)
(8.72,-1.9478,-4.84735,0.798451)
(8.74,-1.93384,-4.83302,0.818451)
(8.76,-1.92018,-4.81842,0.838451)
(8.78,-1.90681,-4.80355,0.858451)
(8.8,-1.89373,-4.78841,0.878451)
(8.82,-1.88097,-4.77302,0.898451)
(8.84,-1.86851,-4.75737,0.918451)
(8.86,-1.85637,-4.74148,0.938451)
(8.88,-1.84455,-4.72534,0.958451)
(8.9,-1.83305,-4.70898,0.978451)
(8.92,-1.82189,-4.69238,0.998451)
(8.94,-1.81105,-4.67557,1.01845)
(8.96,-1.80056,-4.65855,1.03845)
(8.98,-1.79041,-4.64131,1.05845)
(9,-1.7806,-4.62388,1.07845)
(9.02,-1.77115,-4.60626,1.09845)
(9.04,-1.76205,-4.58845,1.11845)
(9.06,-1.75331,-4.57046,1.13845)
(9.08,-1.74493,-4.5523,1.15845)
(9.1,-1.73691,-4.53397,1.17845)
(9.12,-1.72927,-4.51549,1.19845)
(9.14,-1.72199,-4.49687,1.21845)
(9.16,-1.71509,-4.47809,1.23845)
(9.18,-1.70856,-4.45919,1.25845)
(9.2,-1.70242,-4.44016,1.27845)
(9.22,-1.69665,-4.421,1.29845)
(9.24,-1.69127,-4.40174,1.31845)
(9.26,-1.68628,-4.38238,1.33845)
(9.28,-1.68168,-4.36291,1.35845)
(9.3,-1.67746,-4.34336,1.37845)
(9.32,-1.67364,-4.32373,1.39845)
(9.34,-1.67021,-4.30403,1.41845)
(9.36,-1.66717,-4.28426,1.43845)
(9.38,-1.66453,-4.26443,1.45845)
(9.4,-1.66229,-4.24456,1.47845)
(9.42,-1.66045,-4.22464,1.49845)
(9.44,-1.659,-4.2047,1.51845)
(9.46,-1.65795,-4.18472,1.53845)
(9.48,-1.65731,-4.16473,1.55845)
(9.5,-1.65706,-4.14474,1.53845)
(9.52,-1.65641,-4.12475,1.51845)
(9.54,-1.65537,-4.10477,1.49845)
(9.56,-1.65392,-4.08483,1.47845)
(9.58,-1.65208,-4.06491,1.45845)
(9.6,-1.64984,-4.04504,1.43845)
(9.62,-1.6472,-4.02521,1.41845)
(9.64,-1.64416,-4.00544,1.39845)
(9.66,-1.64073,-3.98574,1.37845)
(9.68,-1.63691,-3.96611,1.35845)
(9.7,-1.63269,-3.94656,1.33845)
(9.72,-1.62809,-3.9271,1.31845)
(9.74,-1.62309,-3.90773,1.29845)
(9.76,-1.61771,-3.88847,1.27845)
(9.78,-1.61195,-3.86932,1.25845)
(9.8,-1.6058,-3.85028,1.23845)
(9.82,-1.59928,-3.83138,1.21845)
(9.84,-1.59238,-3.81261,1.19845)
(9.86,-1.5851,-3.79398,1.17845)
(9.88,-1.57745,-3.7755,1.15845)
(9.9,-1.56944,-3.75717,1.13845)
(9.92,-1.56106,-3.73901,1.11845)
(9.94,-1.55232,-3.72102,1.09845)
(9.96,-1.54322,-3.70321,1.07845)
(9.98,-1.53376,-3.68559,1.05845)
(10,-1.52396,-3.66816,1.05845)
(10.02,-1.51416,-3.65073,1.05845)
(10.04,-1.50435,-3.63329,1.05845)
(10.06,-1.49455,-3.61586,1.05845)
(10.08,-1.48474,-3.59843,1.05845)
(10.1,-1.47494,-3.581,1.05845)
(10.12,-1.46513,-3.56357,1.05845)
(10.14,-1.45533,-3.54613,1.05845)
(10.16,-1.44552,-3.5287,1.05845)
(10.18,-1.43572,-3.51127,1.05845)
(10.2,-1.42592,-3.49384,1.05845)
(10.22,-1.41611,-3.47641,1.05845)
(10.24,-1.40631,-3.45897,1.05845)
(10.26,-1.3965,-3.44154,1.05845)
(10.28,-1.3867,-3.42411,1.05845)
(10.3,-1.37689,-3.40668,1.05845)
(10.32,-1.36709,-3.38925,1.05845)
(10.34,-1.35728,-3.37181,1.05845)
(10.36,-1.34748,-3.35438,1.05845)
(10.38,-1.33767,-3.33695,1.05845)
(10.4,-1.32787,-3.31952,1.05845)
(10.42,-1.31807,-3.30209,1.05845)
(10.44,-1.30826,-3.28466,1.05845)
(10.46,-1.29846,-3.26722,1.05845)
(10.48,-1.28865,-3.24979,1.05845)
(10.5,-1.27885,-3.23236,1.07845)
(10.52,-1.26939,-3.21473,1.09845)
(10.54,-1.26029,-3.19692,1.11845)
(10.56,-1.25155,-3.17894,1.13845)
(10.58,-1.24317,-3.16078,1.15845)
(10.6,-1.23516,-3.14245,1.17845)
(10.62,-1.22751,-3.12397,1.19845)
(10.64,-1.22023,-3.10534,1.21845)
(10.66,-1.21333,-3.08657,1.23845)
(10.68,-1.20681,-3.06767,1.25845)
(10.7,-1.20066,-3.04863,1.27845)
(10.72,-1.1949,-3.02948,1.29845)
(10.74,-1.18952,-3.01022,1.31845)
(10.76,-1.18452,-2.99085,1.33845)
(10.78,-1.17992,-2.97139,1.35845)
(10.8,-1.1757,-2.95184,1.37845)
(10.82,-1.17188,-2.93221,1.39845)
(10.84,-1.16845,-2.9125,1.41845)
(10.86,-1.16542,-2.89274,1.43845)
(10.88,-1.16278,-2.87291,1.45845)
(10.9,-1.16053,-2.85304,1.47845)
(10.92,-1.15869,-2.83312,1.49845)
(10.94,-1.15724,-2.81317,1.51845)
(10.96,-1.1562,-2.7932,1.53845)
(10.98,-1.15555,-2.77321,1.55845)
(11,-1.1553,-2.75321,1.53845)
(11.02,-1.15466,-2.73322,1.51845)
(11.04,-1.15361,-2.71325,1.49845)
(11.06,-1.15217,-2.6933,1.47845)
(11.08,-1.15032,-2.67339,1.45845)
(11.1,-1.14808,-2.65352,1.43845)
(11.12,-1.14544,-2.63369,1.41845)
(11.14,-1.1424,-2.61392,1.39845)
(11.16,-1.13897,-2.59422,1.37845)
(11.18,-1.13515,-2.57459,1.35845)
(11.2,-1.13094,-2.55504,1.33845)
(11.22,-1.12633,-2.53557,1.31845)
(11.24,-1.12134,-2.51621,1.29845)
(11.26,-1.11596,-2.49694,1.27845)
(11.28,-1.11019,-2.47779,1.25845)
(11.3,-1.10405,-2.45876,1.23845)
(11.32,-1.09752,-2.43986,1.21845)
(11.34,-1.09062,-2.42108,1.19845)
(11.36,-1.08334,-2.40245,1.17845)
(11.38,-1.0757,-2.38397,1.15845)
(11.4,-1.06768,-2.36565,1.13845)
(11.42,-1.0593,-2.34749,1.11845)
(11.44,-1.05056,-2.3295,1.09845)
(11.46,-1.04146,-2.31169,1.07845)
(11.48,-1.03201,-2.29407,1.05845)
(11.5,-1.0222,-2.27664,1.03845)
(11.52,-1.01205,-2.2594,1.01845)
(11.54,-1.00156,-2.24238,0.998451)
(11.56,-0.990726,-2.22556,0.978451)
(11.58,-0.97956,-2.20897,0.958451)
(11.6,-0.968064,-2.19261,0.938451)
(11.62,-0.956244,-2.17647,0.918451)
(11.64,-0.944103,-2.16058,0.898451)
(11.66,-0.931646,-2.14493,0.878451)
(11.68,-0.918879,-2.12954,0.858451)
(11.7,-0.905807,-2.1144,0.838451)
(11.72,-0.892435,-2.09953,0.818451)
(11.74,-0.878768,-2.08493,0.798451)
(11.76,-0.864811,-2.0706,0.778451)
(11.78,-0.850571,-2.05656,0.758451)
(11.8,-0.836053,-2.0428,0.738451)
(11.82,-0.821263,-2.02934,0.718451)
(11.84,-0.806206,-2.01617,0.698451)
(11.86,-0.79089,-2.00331,0.678451)
(11.88,-0.775319,-1.99076,0.658451)
(11.9,-0.7595,-1.97852,0.638451)
(11.92,-0.743439,-1.96661,0.618451)
(11.94,-0.727144,-1.95501,0.598451)
(11.96,-0.71062,-1.94374,0.578451)
(11.98,-0.693874,-1.93281,0.558451)
(12,-0.676912,-1.92221,0.578451)
(12.02,-0.660166,-1.91128,0.598451)
(12.04,-0.643642,-1.90001,0.618451)
(12.06,-0.627346,-1.88841,0.638451)
(12.08,-0.611286,-1.87649,0.658451)
(12.1,-0.595467,-1.86426,0.678451)
(12.12,-0.579896,-1.8517,0.698451)
(12.14,-0.564579,-1.83884,0.718451)
(12.16,-0.549523,-1.82568,0.738451)
(12.18,-0.534732,-1.81222,0.758451)
(12.2,-0.520214,-1.79846,0.778451)
(12.22,-0.505974,-1.78442,0.798451)
(12.24,-0.492018,-1.77009,0.818451)
(12.26,-0.478351,-1.75549,0.838451)
(12.28,-0.464978,-1.74062,0.858451)
(12.3,-0.451906,-1.72548,0.878451)
(12.32,-0.439139,-1.71009,0.898451)
(12.34,-0.426683,-1.69444,0.918451)
(12.36,-0.414542,-1.67855,0.938451)
(12.38,-0.402721,-1.66241,0.958451)
(12.4,-0.391225,-1.64605,0.978451)
(12.42,-0.380059,-1.62945,0.998451)
(12.44,-0.369227,-1.61264,1.01845)
(12.46,-0.358733,-1.59562,1.03845)
(12.48,-0.348582,-1.57838,1.05845)
(12.5,-0.338778,-1.56095,1.07401)
(12.52,-0.329246,-1.54337,1.08956)
(12.54,-0.319988,-1.52564,1.10512)
(12.56,-0.311008,-1.50777,1.12068)
(12.58,-0.302306,-1.48976,1.13623)
(12.6,-0.293886,-1.47162,1.15179)
(12.62,-0.285749,-1.45335,1.16735)
(12.64,-0.277897,-1.43496,1.18291)
(12.66,-0.270332,-1.41644,1.19846)
(12.68,-0.263057,-1.39781,1.21402)
(12.7,-0.256071,-1.37907,1.22958)
(12.72,-0.249379,-1.36023,1.24513)
(12.74,-0.24298,-1.34128,1.26069)
(12.76,-0.236877,-1.32223,1.27625)
(12.78,-0.231071,-1.30309,1.2918)
(12.8,-0.225563,-1.28387,1.30736)
(12.82,-0.220355,-1.26456,1.32292)
(12.84,-0.215448,-1.24517,1.33847)
(12.86,-0.210843,-1.2257,1.35403)
(12.88,-0.206542,-1.20617,1.36959)
(12.9,-0.202544,-1.18658,1.38514)
(12.92,-0.198853,-1.16692,1.4007)
(12.94,-0.195467,-1.14721,1.41626)
(12.96,-0.192389,-1.12745,1.43181)
(12.98,-0.189618,-1.10764,1.44737)
(13,-0.187156,-1.08779,1.46737)
(13.02,-0.185091,-1.0679,1.48737)
(13.04,-0.183424,-1.04797,1.50737)
(13.06,-0.182157,-1.02801,1.52737)
(13.08,-0.181288,-1.00803,1.54737)
(13.1,-0.18082,-0.988033,1.56737)
(13.12,-0.180751,-0.968033,1.58737)
(13.14,-0.181083,-0.948035,1.60737)
(13.16,-0.181814,-0.928049,1.62737)
(13.18,-0.182945,-0.908081,1.64737)
(13.2,-0.184475,-0.888139,1.66737)
(13.22,-0.186403,-0.868233,1.68737)
(13.24,-0.18873,-0.848368,1.70737)
(13.26,-0.191453,-0.828555,1.72737)
(13.28,-0.194571,-0.808799,1.74737)
(13.3,-0.198085,-0.78911,1.76737)
(13.32,-0.201991,-0.769495,1.78737)
(13.34,-0.206288,-0.749963,1.80737)
(13.36,-0.210976,-0.73052,1.82737)
(13.38,-0.216051,-0.711174,1.84737)
(13.4,-0.221512,-0.691934,1.86737)
(13.42,-0.227357,-0.672808,1.88737)
(13.44,-0.233584,-0.653801,1.90737)
(13.46,-0.240189,-0.634924,1.92737)
(13.48,-0.24717,-0.616182,1.94737)
(13.5,-0.254525,-0.597583,1.94365)
(13.52,-0.26181,-0.578957,1.93993)
(13.54,-0.269026,-0.560304,1.93621)
(13.56,-0.276173,-0.541625,1.93249)
(13.58,-0.28325,-0.522919,1.92877)
(13.6,-0.290258,-0.504187,1.92505)
(13.62,-0.297196,-0.485429,1.92133)
(13.64,-0.304064,-0.466645,1.91761)
(13.66,-0.310862,-0.447836,1.91389)
(13.68,-0.31759,-0.429001,1.91017)
(13.7,-0.324248,-0.410142,1.90645)
(13.72,-0.330836,-0.391258,1.90273)
(13.74,-0.337353,-0.37235,1.89901)
(13.76,-0.3438,-0.353418,1.89529)
(13.78,-0.350177,-0.334461,1.89157)
(13.8,-0.356483,-0.315481,1.88785)
(13.82,-0.362718,-0.296478,1.88413)
(13.84,-0.368883,-0.277452,1.88041)
(13.86,-0.374977,-0.258403,1.87669)
(13.88,-0.381,-0.239332,1.87297)
(13.9,-0.386952,-0.220238,1.86925)
(13.92,-0.392833,-0.201122,1.86553)
(13.94,-0.398643,-0.181984,1.86181)
(13.96,-0.404381,-0.162825,1.85809)
(13.98,-0.410048,-0.143645,1.85437)
(14,-0.415644,-0.124444,1.87437)
(14.02,-0.421623,-0.105358,1.89437)
(14.04,-0.427982,-0.0863963,1.91437)
(14.06,-0.434719,-0.0675652,1.93437)
(14.08,-0.441832,-0.0488726,1.95437)
(14.1,-0.449317,-0.0303259,1.97437)
(14.12,-0.457171,-0.0119327,1.99437)
(14.14,-0.465391,0.00629978,2.01437)
(14.16,-0.473975,0.0243642,2.03437)
(14.18,-0.482918,0.0422534,2.05437)
(14.2,-0.492217,0.0599601,2.07437)
(14.22,-0.501868,0.0774774,2.09437)
(14.24,-0.511868,0.0947981,2.11437)
(14.26,-0.522212,0.111915,2.13437)
(14.28,-0.532896,0.128822,2.15437)
(14.3,-0.543916,0.145512,2.17437)
(14.32,-0.555268,0.161978,2.19437)
(14.34,-0.566947,0.178214,2.21437)
(14.36,-0.578948,0.194213,2.23437)
(14.38,-0.591267,0.209969,2.25437)
(14.4,-0.603898,0.225476,2.27437)
(14.42,-0.616837,0.240726,2.29437)
(14.44,-0.630079,0.255715,2.31437)
(14.46,-0.643617,0.270436,2.33437)
(14.48,-0.657448,0.284883,2.35437)
(14.5,-0.671564,0.299051,2.33437)
(14.52,-0.685394,0.313499,2.31437)
(14.54,-0.698933,0.32822,2.29437)
(14.56,-0.712174,0.343209,2.27437)
(14.58,-0.725113,0.358459,2.25437)
(14.6,-0.737744,0.373966,2.23437)
(14.62,-0.750063,0.389721,2.21437)
(14.64,-0.762064,0.40572,2.19437)
(14.66,-0.773743,0.421956,2.17437)
(14.68,-0.785095,0.438423,2.15437)
(14.7,-0.796115,0.455113,2.13437)
(14.72,-0.8068,0.47202,2.11437)
(14.74,-0.817144,0.489137,2.09437)
(14.76,-0.827143,0.506457,2.07437)
(14.78,-0.836795,0.523975,2.05437)
(14.8,-0.846094,0.541681,2.03437)
(14.82,-0.855037,0.559571,2.01437)
(14.84,-0.86362,0.577635,1.99437)
(14.86,-0.871841,0.595868,1.97437)
(14.88,-0.879695,0.614261,1.95437)
(14.9,-0.88718,0.632807,1.93437)
(14.92,-0.894292,0.6515,1.91437)
(14.94,-0.901029,0.670331,1.89437)
(14.96,-0.907388,0.689293,1.87437)
(14.98,-0.913367,0.708379,1.85437)
(15,-0.918963,0.72758,1.86993)
(15.02,-0.924857,0.746692,1.88549)
(15.04,-0.931047,0.76571,1.90104)
(15.06,-0.937533,0.784629,1.9166)
(15.08,-0.944312,0.803445,1.93216)
(15.1,-0.951383,0.822153,1.94771)
(15.12,-0.958744,0.840749,1.96327)
(15.14,-0.966394,0.859229,1.97883)
(15.16,-0.97433,0.877587,1.99439)
(15.18,-0.98255,0.895819,2.00994)
(15.2,-0.991054,0.913921,2.0255)
(15.22,-0.999838,0.931889,2.04106)
(15.24,-1.0089,0.949718,2.05661)
(15.26,-1.01824,0.967404,2.07217)
(15.28,-1.02785,0.984943,2.08773)
(15.3,-1.03774,1.00233,2.10328)
(15.32,-1.04789,1.01956,2.11884)
(15.34,-1.05831,1.03663,2.1344)
(15.36,-1.06899,1.05354,2.14995)
(15.38,-1.07994,1.07028,2.16551)
(15.4,-1.09115,1.08684,2.18107)
(15.42,-1.10261,1.10323,2.19662)
(15.44,-1.11432,1.11944,2.21218)
(15.46,-1.12629,1.13547,2.22774)
(15.48,-1.1385,1.1513,2.24329)
(15.5,-1.15096,1.16695,2.22329)
(15.52,-1.16311,1.18284,2.20329)
(15.54,-1.17493,1.19897,2.18329)
(15.56,-1.18643,1.21534,2.16329)
(15.58,-1.1976,1.23193,2.14329)
(15.6,-1.20843,1.24874,2.12329)
(15.62,-1.21893,1.26576,2.10329)
(15.64,-1.22908,1.28299,2.08329)
(15.66,-1.23889,1.30042,2.06329)
(15.68,-1.24834,1.31805,2.04329)
(15.7,-1.25745,1.33586,2.02329)
(15.72,-1.26619,1.35384,2.00329)
(15.74,-1.27457,1.372,1.98329)
(15.76,-1.28259,1.39032,1.96329)
(15.78,-1.29024,1.4088,1.94329)
(15.8,-1.29752,1.42743,1.92329)
(15.82,-1.30442,1.4462,1.90329)
(15.84,-1.31095,1.46511,1.88329)
(15.86,-1.3171,1.48414,1.86329)
(15.88,-1.32287,1.50329,1.84329)
(15.9,-1.32825,1.52255,1.82329)
(15.92,-1.33325,1.54192,1.80329)
(15.94,-1.33786,1.56138,1.78329)
(15.96,-1.34207,1.58093,1.76329)
(15.98,-1.3459,1.60056,1.74329)
(16,-1.34933,1.62026,1.76329)
(16.02,-1.35316,1.63989,1.78329)
(16.04,-1.35738,1.65944,1.80329)
(16.06,-1.36199,1.6789,1.82329)
(16.08,-1.36698,1.69827,1.84329)
(16.1,-1.37236,1.71753,1.86329)
(16.12,-1.37813,1.73668,1.88329)
(16.14,-1.38428,1.75571,1.90329)
(16.16,-1.39081,1.77462,1.92329)
(16.18,-1.39771,1.79339,1.94329)
(16.2,-1.40499,1.81202,1.96329)
(16.22,-1.41264,1.8305,1.98329)
(16.24,-1.42066,1.84882,2.00329)
(16.26,-1.42904,1.86698,2.02329)
(16.28,-1.43779,1.88497,2.04329)
(16.3,-1.44689,1.90277,2.06329)
(16.32,-1.45635,1.9204,2.08329)
(16.34,-1.46615,1.93783,2.10329)
(16.36,-1.47631,1.95506,2.12329)
(16.38,-1.4868,1.97208,2.14329)
(16.4,-1.49764,1.98889,2.16329)
(16.42,-1.50881,2.00548,2.18329)
(16.44,-1.5203,2.02185,2.20329)
(16.46,-1.53213,2.03798,2.22329)
(16.48,-1.54427,2.05387,2.24329)
(16.5,-1.53181,2.03823,2.26329)
(16.52,-1.51904,2.02283,2.28329)
(16.54,-1.50597,2.0077,2.30329)
(16.56,-1.49259,1.99283,2.32329)
(16.58,-1.47892,1.97823,2.34329)
(16.6,-1.46497,1.9639,2.36329)
(16.62,-1.45072,1.94986,2.38329)
(16.64,-1.4362,1.93611,2.40329)
(16.66,-1.42141,1.92265,2.42329)
(16.68,-1.40635,1.90949,2.44329)
(16.7,-1.39103,1.89663,2.46329)
(16.72,-1.37546,1.88408,2.48329)
(16.74,-1.35964,1.87184,2.50329)
(16.76,-1.34358,1.85993,2.52329)
(16.78,-1.32728,1.84833,2.54329)
(16.8,-1.31076,1.83707,2.56329)
(16.82,-1.29401,1.82614,2.58329)
(16.84,-1.27704,1.81554,2.60329)
(16.86,-1.25987,1.80529,2.62329)
(16.88,-1.2425,1.79538,2.64329)
(16.9,-1.22493,1.78582,2.66329)
(16.92,-1.20718,1.77662,2.68329)
(16.94,-1.18924,1.76777,2.70329)
(16.96,-1.17113,1.75928,2.72329)
(16.98,-1.15285,1.75116,2.74329)
(17,-1.13442,1.7434,2.76329)
(17.02,-1.11583,1.73601,2.78329)
(17.04,-1.0971,1.729,2.80329)
(17.06,-1.07824,1.72236,2.82329)
(17.08,-1.05924,1.7161,2.84329)
(17.1,-1.04013,1.71022,2.86329)
(17.12,-1.0209,1.70473,2.88329)
(17.14,-1.00156,1.69962,2.90329)
(17.16,-0.982124,1.6949,2.92329)
(17.18,-0.962599,1.69057,2.94329)
(17.2,-0.942991,1.68663,2.96329)
(17.22,-0.923308,1.68308,2.98329)
(17.24,-0.903558,1.67993,3.00329)
(17.26,-0.883749,1.67717,3.02329)
(17.28,-0.863889,1.67481,3.04329)
(17.3,-0.843985,1.67285,3.06329)
(17.32,-0.824047,1.67128,3.08329)
(17.34,-0.804081,1.67012,3.10329)
(17.36,-0.784095,1.66935,3.12329)
(17.38,-0.764099,1.66899,3.14329)
(17.4,-0.744099,1.66902,3.16329)
(17.42,-0.724103,1.66946,3.18329)
(17.44,-0.704121,1.67029,3.20329)
(17.46,-0.684159,1.67152,3.22329)
(17.48,-0.664225,1.67315,3.24329)
(17.5,-0.644329,1.67519,3.22774)
(17.52,-0.624403,1.67691,3.21218)
(17.54,-0.604453,1.67832,3.19662)
(17.56,-0.584483,1.67942,3.18107)
(17.58,-0.564499,1.68021,3.16551)
(17.6,-0.544504,1.68068,3.14995)
(17.62,-0.524505,1.68085,3.1344)
(17.64,-0.504506,1.68071,3.11884)
(17.66,-0.484511,1.68025,3.10328)
(17.68,-0.464525,1.67949,3.08773)
(17.7,-0.444554,1.67841,3.07217)
(17.72,-0.424603,1.67702,3.05661)
(17.74,-0.404675,1.67532,3.04106)
(17.76,-0.384776,1.67332,3.0255)
(17.78,-0.36491,1.671,3.00994)
(17.8,-0.345083,1.66838,2.99439)
(17.82,-0.3253,1.66544,2.97883)
(17.84,-0.305564,1.6622,2.96327)
(17.86,-0.285881,1.65865,2.94771)
(17.88,-0.266256,1.6548,2.93216)
(17.9,-0.246693,1.65064,2.9166)
(17.92,-0.227197,1.64618,2.90104)
(17.94,-0.207773,1.64142,2.88549)
(17.96,-0.188425,1.63635,2.86993)
(17.98,-0.169159,1.63098,2.85437)
(18,-0.188339,1.63665,2.83437)
(18.02,-0.207403,1.6427,2.81437)
(18.04,-0.226342,1.64912,2.79437)
(18.06,-0.245148,1.65593,2.77437)
(18.08,-0.263815,1.66311,2.75437)
(18.1,-0.282334,1.67066,2.73437)
(18.12,-0.300699,1.67858,2.71437)
(18.14,-0.318901,1.68687,2.69437)
(18.16,-0.336934,1.69552,2.67437)
(18.18,-0.354791,1.70453,2.65437)
(18.2,-0.372463,1.71389,2.63437)
(18.22,-0.389945,1.72361,2.61437)
(18.24,-0.40723,1.73367,2.59437)
(18.26,-0.424309,1.74408,2.57437)
(18.28,-0.441177,1.75482,2.55437)
(18.3,-0.457827,1.7659,2.53437)
(18.32,-0.474251,1.77731,2.51437)
(18.34,-0.490445,1.78905,2.49437)
(18.36,-0.5064,1.80111,2.47437)
(18.38,-0.522111,1.81349,2.45437)
(18.4,-0.537571,1.82617,2.43437)
(18.42,-0.552775,1.83917,2.41437)
(18.44,-0.567715,1.85246,2.39437)
(18.46,-0.582387,1.86606,2.37437)
(18.48,-0.596784,1.87994,2.35437)
(18.5,-0.6109,1.89411,2.33437)
(18.52,-0.62473,1.90855,2.31437)
(18.54,-0.638269,1.92328,2.29437)
(18.56,-0.65151,1.93826,2.27437)
(18.58,-0.664449,1.95352,2.25437)
(18.6,-0.677081,1.96902,2.23437)
(18.62,-0.689399,1.98478,2.21437)
(18.64,-0.701401,2.00078,2.19437)
(18.66,-0.71308,2.01701,2.17437)
(18.68,-0.724431,2.03348,2.15437)
(18.7,-0.735452,2.05017,2.13437)
(18.72,-0.746136,2.06708,2.11437)
(18.74,-0.75648,2.08419,2.09437)
(18.76,-0.76648,2.10151,2.07437)
(18.78,-0.776131,2.11903,2.05437)
(18.8,-0.78543,2.13674,2.03437)
(18.82,-0.794373,2.15463,2.01437)
(18.84,-0.802956,2.17269,1.99437)
(18.86,-0.811177,2.19092,1.97437)
(18.88,-0.819031,2.20932,1.95437)
(18.9,-0.826516,2.22786,1.93437)
(18.92,-0.833628,2.24656,1.91437)
(18.94,-0.840365,2.26539,1.89437)
(18.96,-0.846725,2.28435,1.87437)
(18.98,-0.852703,2.30343,1.85437)
(19,-0.858299,2.32264,1.83437)
(19.02,-0.86351,2.34195,1.81437)
(19.04,-0.868333,2.36135,1.79437)
(19.06,-0.872768,2.38086,1.77437)
(19.08,-0.876811,2.40044,1.75437)
(19.1,-0.880462,2.42011,1.73437)
(19.12,-0.883719,2.43984,1.71437)
(19.14,-0.886581,2.45964,1.69437)
(19.16,-0.889046,2.47948,1.67437)
(19.18,-0.891114,2.49938,1.65437)
(19.2,-0.892784,2.51931,1.63437)
(19.22,-0.894054,2.53927,1.61437)
(19.24,-0.894926,2.55925,1.59437)
(19.26,-0.895397,2.57924,1.57437)
(19.28,-0.895469,2.59924,1.55437)
(19.3,-0.89514,2.61924,1.53437)
(19.32,-0.894412,2.63922,1.51437)
(19.34,-0.893284,2.65919,1.49437)
(19.36,-0.891757,2.67913,1.47437)
(19.38,-0.889832,2.69904,1.45437)
(19.4,-0.887509,2.71891,1.43437)
(19.42,-0.884789,2.73872,1.41437)
(19.44,-0.881673,2.75848,1.39437)
(19.46,-0.878163,2.77817,1.37437)
(19.48,-0.87426,2.79778,1.35437)
(19.5,-0.869965,2.81731,1.36993)
(19.52,-0.865975,2.83691,1.38549)
(19.54,-0.86229,2.85657,1.40104)
(19.56,-0.858911,2.87628,1.4166)
(19.58,-0.855839,2.89605,1.43216)
(19.6,-0.853075,2.91585,1.44771)
(19.62,-0.85062,2.9357,1.46327)
(19.64,-0.848473,2.95559,1.47883)
(19.66,-0.846637,2.9755,1.49439)
(19.68,-0.84511,2.99544,1.50994)
(19.7,-0.843894,3.01541,1.5255)
(19.72,-0.842988,3.03539,1.54106)
(19.74,-0.842393,3.05538,1.55661)
(19.76,-0.84211,3.07538,1.57217)
(19.78,-0.842137,3.09538,1.58773)
(19.8,-0.842476,3.11537,1.60328)
(19.82,-0.843125,3.13536,1.61884)
(19.84,-0.844086,3.15534,1.6344)
(19.86,-0.845357,3.1753,1.64995)
(19.88,-0.846938,3.19524,1.66551)
(19.9,-0.84883,3.21515,1.68107)
(19.92,-0.851031,3.23502,1.69662)
(19.94,-0.853541,3.25487,1.71218)
(19.96,-0.856359,3.27467,1.72774)
(19.98,-0.859485,3.29442,1.74329)
(20,-0.862918,3.31412,1.76329)
(20.02,-0.866744,3.33376,1.78329)
(20.04,-0.870962,3.35331,1.80329)
(20.06,-0.87557,3.37277,1.82329)
(20.08,-0.880567,3.39213,1.84329)
(20.1,-0.885949,3.41139,1.86329)
(20.12,-0.891716,3.43055,1.88329)
(20.14,-0.897865,3.44958,1.90329)
(20.16,-0.904393,3.46848,1.92329)
(20.18,-0.911298,3.48725,1.94329)
(20.2,-0.918577,3.50588,1.96329)
(20.22,-0.926227,3.52436,1.98329)
(20.24,-0.934245,3.54268,2.00329)
(20.26,-0.942628,3.56084,2.02329)
(20.28,-0.951372,3.57883,2.04329)
(20.3,-0.960474,3.59664,2.06329)
(20.32,-0.969931,3.61426,2.08329)
(20.34,-0.979738,3.63169,2.10329)
(20.36,-0.989891,3.64892,2.12329)
(20.38,-1.00039,3.66594,2.14329)
(20.4,-1.01122,3.68276,2.16329)
(20.42,-1.02239,3.69935,2.18329)
(20.44,-1.03389,3.71571,2.20329)
(20.46,-1.04571,3.73184,2.22329)
(20.48,-1.05786,3.74773,2.24329)
(20.5,-1.0454,3.73209,2.26329)
(20.52,-1.03263,3.71669,2.28329)
(20.54,-1.01955,3.70156,2.30329)
(20.56,-1.00618,3.68669,2.32329)
(20.58,-0.99251,3.67209,2.34329)
(20.6,-0.978551,3.65777,2.36329)
(20.62,-0.964309,3.64373,2.38329)
(20.64,-0.949789,3.62997,2.40329)
(20.66,-0.934996,3.61651,2.42329)
(20.68,-0.919938,3.60335,2.44329)
(20.7,-0.904619,3.59049,2.46329)
(20.72,-0.889046,3.57794,2.48329)
(20.74,-0.873226,3.56571,2.50329)
(20.76,-0.857163,3.55379,2.52329)
(20.78,-0.840866,3.5422,2.54329)
(20.8,-0.82434,3.53093,2.56329)
(20.82,-0.807592,3.52,2.58329)
(20.84,-0.790629,3.5094,2.60329)
(20.86,-0.773458,3.49915,2.62329)
(20.88,-0.756084,3.48924,2.64329)
(20.9,-0.738516,3.47968,2.66329)
(20.92,-0.720761,3.47048,2.68329)
(20.94,-0.702825,3.46163,2.70329)
(20.96,-0.684715,3.45314,2.72329)
(20.98,-0.666439,3.44502,2.74329)
(21,-0.648005,3.43726,2.75472)
(21.02,-0.629483,3.42972,2.76614)
(21.04,-0.610876,3.42238,2.77757)
(21.06,-0.592187,3.41526,2.78899)
(21.08,-0.573417,3.40835,2.80041)
(21.1,-0.55457,3.40166,2.81184)
(21.12,-0.535648,3.39519,2.82326)
(21.14,-0.516653,3.38893,2.83468)
(21.16,-0.497587,3.38288,2.84611)
(21.18,-0.478454,3.37706,2.85753)
(21.2,-0.459255,3.37145,2.86896)
(21.22,-0.439994,3.36607,2.88038)
(21.24,-0.420673,3.3609,2.8918)
(21.26,-0.401293,3.35596,2.90323)
(21.28,-0.381859,3.35124,2.91465)
(21.3,-0.362372,3.34674,2.92607)
(21.32,-0.342834,3.34246,2.9375)
(21.34,-0.323249,3.33841,2.94892)
(21.36,-0.303619,3.33458,2.96035)
(21.38,-0.283947,3.33097,2.97177)
(21.4,-0.264235,3.32759,2.98319)
(21.42,-0.244485,3.32444,2.99462)
(21.44,-0.224701,3.32151,3.00604)
(21.46,-0.204884,3.31881,3.01746)
(21.48,-0.185038,3.31633,3.02889)
(21.5,-0.165165,3.31408,3.04889)
(21.52,-0.145251,3.31223,3.06889)
(21.54,-0.125304,3.31078,3.08889)
(21.56,-0.105332,3.30972,3.10889)
(21.58,-0.0853422,3.30907,3.12889)
(21.6,-0.0653439,3.30881,3.14889)
(21.62,-0.0453444,3.30896,3.16889)
(21.64,-0.0253518,3.30951,3.18889)
(21.66,-0.0053742,3.31045,3.20889)
(21.68,0.0145805,3.3118,3.22889)
(21.7,0.0345044,3.31354,3.24889)
(21.72,0.0543894,3.31568,3.26889)
(21.74,0.0742275,3.31822,3.28889)
(21.76,0.094011,3.32116,3.30889)
(21.78,0.113732,3.32449,3.32889)
(21.8,0.133382,3.32821,3.34889)
(21.82,0.152954,3.33233,3.36889)
(21.84,0.172439,3.33683,3.38889)
(21.86,0.191831,3.34173,3.40889)
(21.88,0.211121,3.34701,3.42889)
(21.9,0.230301,3.35268,3.44889)
(21.92,0.249364,3.35873,3.46889)
(21.94,0.268302,3.36516,3.48889)
(21.96,0.287108,3.37197,3.50889)
(21.98,0.305774,3.37915,3.52889)
(22,0.324293,3.3867,3.54889)
(22.02,0.342657,3.39462,3.56889)
(22.04,0.360859,3.40291,3.58889)
(22.06,0.378891,3.41156,3.60889)
(22.08,0.396747,3.42057,3.62889)
(22.1,0.414419,3.42994,3.64889)
(22.12,0.4319,3.43965,3.66889)
(22.14,0.449184,3.44972,3.68889)
(22.16,0.466262,3.46012,3.70889)
(22.18,0.48313,3.47087,3.72889)
(22.2,0.499778,3.48195,3.74889)
(22.22,0.516202,3.49337,3.76889)
(22.24,0.532395,3.50511,3.78889)
(22.26,0.548349,3.51717,3.80889)
(22.28,0.564059,3.52954,3.82889)
(22.3,0.579518,3.54223,3.84889)
(22.32,0.594721,3.55523,3.86889)
(22.34,0.60966,3.56853,3.88889)
(22.36,0.624331,3.58212,3.90889)
(22.38,0.638727,3.596,3.92889)
(22.4,0.652842,3.61017,3.94889)
(22.42,0.666671,3.62462,3.96889)
(22.44,0.680208,3.63934,3.98889)
(22.46,0.693449,3.65433,4.00889)
(22.48,0.706386,3.66958,4.02889)
(22.5,0.719017,3.68509,4.00889)
(22.52,0.731954,3.70034,3.98889)
(22.54,0.745195,3.71533,3.96889)
(22.56,0.758732,3.73005,3.94889)
(22.58,0.772561,3.7445,3.92889)
(22.6,0.786676,3.75867,3.90889)
(22.62,0.801072,3.77256,3.88889)
(22.64,0.815743,3.78615,3.86889)
(22.66,0.830682,3.79945,3.84889)
(22.68,0.845885,3.81244,3.82889)
(22.7,0.861344,3.82513,3.80889)
(22.72,0.877054,3.83751,3.78889)
(22.74,0.893008,3.84957,3.76889)
(22.76,0.909201,3.86131,3.74889)
(22.78,0.925625,3.87272,3.72889)
(22.8,0.942274,3.8838,3.70889)
(22.82,0.959141,3.89455,3.68889)
(22.84,0.976219,3.90496,3.66889)
(22.86,0.993503,3.91502,3.64889)
(22.88,1.01098,3.92474,3.62889)
(22.9,1.02866,3.9341,3.60889)
(22.92,1.04651,3.94311,3.58889)
(22.94,1.06454,3.95176,3.56889)
(22.96,1.08275,3.96005,3.54889)
(22.98,1.10111,3.96797,3.52889)
(23,1.11963,3.97553,3.50889)
(23.02,1.13829,3.98271,3.48889)
(23.04,1.1571,3.98952,3.46889)
(23.06,1.17604,3.99595,3.44889)
(23.08,1.1951,4.002,3.42889)
(23.1,1.21428,4.00766,3.40889)
(23.12,1.23357,4.01294,3.38889)
(23.14,1.25296,4.01784,3.36889)
(23.16,1.27245,4.02235,3.34889)
(23.18,1.29202,4.02646,3.32889)
(23.2,1.31167,4.03019,3.30889)
(23.22,1.33139,4.03352,3.28889)
(23.24,1.35118,4.03645,3.26889)
(23.26,1.37101,4.03899,3.24889)
(23.28,1.3909,4.04113,3.22889)
(23.3,1.41082,4.04288,3.20889)
(23.32,1.43078,4.04422,3.18889)
(23.34,1.45075,4.04517,3.16889)
(23.36,1.47075,4.04571,3.14889)
(23.38,1.49075,4.04586,3.12889)
(23.4,1.51075,4.04561,3.10889)
(23.42,1.53073,4.04495,3.08889)
(23.44,1.55071,4.0439,3.06889)
(23.46,1.57065,4.04245,3.04889)
(23.48,1.59057,4.04059,3.02889)
