1 (1,1) (1.05,1.00034) (1.1,1.0009) (1.14999,1.00169) (1.19998,1.0027) (1.24997,1.00394) (1.29995,1.0054) (1.34992,1.00709) (1.39989,1.009) (1.44984,1.01114) 
1 (1,1) (1.04995,1.00599) (1.09925,1.0159) (1.14761,1.02965) (1.19472,1.04712) (1.24028,1.06817) (1.28401,1.09265) (1.32564,1.12038) (1.36492,1.15116) (1.40162,1.18477) 
0 (1,1) (0.950024,0.995976) (0.900336,0.989291) (0.851078,0.979972) (0.802392,0.968053) (0.754415,0.953577) (0.707285,0.936592) (0.661134,0.917154) (0.616093,0.895328) (0.572288,0.871181) 
0 (1,1) (0.95,0.999556) (0.900004,0.998815) (0.850013,0.997777) (0.800029,0.996443) (0.750054,0.994812) (0.70009,0.992885) (0.650138,0.990661) (0.600199,0.988141) (0.550277,0.985325) 
1 (1.44984,1.01114) (1.4998,1.01386) (1.54971,1.01719) (1.59959,1.02114) (1.64941,1.02569) (1.69917,1.03086) (1.74887,1.03663) (1.79849,1.04301) (1.84802,1.05) (1.89747,1.0576) 
0 (1.44984,1.01114) (1.39987,1.01683) (1.35071,1.0274) (1.30285,1.04269) (1.25676,1.0625) (1.21288,1.0866) (1.17162,1.1147) (1.13338,1.14648) (1.0985,1.18157) (1.06729,1.21961) 
1 (1.44984,1.01114) (1.49963,1.02041) (1.54826,1.03448) (1.59523,1.05317) (1.6401,1.07625) (1.68244,1.10344) (1.72186,1.13443) (1.75799,1.16887) (1.7905,1.20638) (1.8191,1.24657) 
1 (1.89747,1.0576) (1.947,1.06473) (1.99649,1.07216) (2.04593,1.07989) (2.09532,1.08791) (2.14467,1.09623) (2.19396,1.10485) (2.2432,1.11376) (2.29239,1.12296) (2.34152,1.13246) 
1 (1.89747,1.0576) (1.94694,1.06599) (1.9962,1.07551) (2.04524,1.08616) (2.09401,1.09792) (2.1425,1.11079) (2.19069,1.12477) (2.23854,1.13984) (2.28603,1.156) (2.33314,1.17323) 
1 (2.34152,1.13246) (2.39071,1.14121) (2.43994,1.14976) (2.4892,1.1581) (2.5385,1.16624) (2.58783,1.17418) (2.63719,1.18191) (2.68659,1.18944) (2.73601,1.19676) (2.78546,1.20387) 
0 (2.34152,1.13246) (2.29251,1.12088) (2.24393,1.10764) (2.19583,1.09276) (2.14827,1.07625) (2.10131,1.05814) (2.05499,1.03846) (2.00938,1.01722) (1.96452,0.994455) (1.92047,0.970192) 
1 (2.78546,1.20387) (2.83493,1.21094) (2.88442,1.21777) (2.93395,1.22437) (2.98351,1.23072) (3.0331,1.23684) (3.08272,1.24272) (3.13237,1.24837) (3.18204,1.25377) (3.23174,1.25894) 
1 (2.78546,1.20387) (2.83446,1.21864) (2.88173,1.23806) (2.92683,1.26189) (2.96932,1.28983) (3.00882,1.32158) (3.04494,1.35678) (3.07737,1.39504) (3.10582,1.43595) (3.13004,1.47907) 
1 (2.33314,1.17323) (2.38052,1.18989) (2.42765,1.20723) (2.47452,1.22526) (2.52113,1.24395) (2.56747,1.26332) (2.61351,1.28336) (2.65926,1.30405) (2.70471,1.32541) (2.74984,1.34742) 
1 (2.33314,1.17323) (2.37994,1.19462) (2.42483,1.21961) (2.46753,1.24801) (2.50775,1.27961) (2.54526,1.31418) (2.57981,1.35146) (2.61119,1.39118) (2.63922,1.43306) (2.66372,1.47681) 
1 (2.33314,1.17323) (2.37977,1.19586) (2.42391,1.22278) (2.46515,1.25369) (2.50309,1.28823) (2.5374,1.32602) (2.56776,1.36666) (2.59391,1.4097) (2.61563,1.4547) (2.63276,1.50118) 
1 (2.33314,1.17323) (2.37977,1.19586) (2.42391,1.22278) (2.46515,1.25369) (2.50309,1.28823) (2.5374,1.32602) (2.56776,1.36666) (2.59391,1.4097) (2.61563,1.4547) (2.63276,1.50118) 
1 (2.74984,1.34742) (2.79407,1.37509) (2.83533,1.40675) (2.87321,1.44203) (2.90739,1.48055) (2.93755,1.52188) (2.96343,1.56559) (2.98482,1.61122) (3.00154,1.65829) (3.01349,1.70632) 
1 (2.66372,1.47681) (2.68972,1.52209) (2.71107,1.56927) (2.72761,1.61787) (2.73921,1.66739) (2.74582,1.71731) (2.7474,1.76715) (2.744,1.81639) (2.7357,1.86456) (2.72264,1.91119) 
1 (2.72264,1.91119) (2.71303,1.96044) (2.70435,2.00984) (2.6966,2.05938) (2.68978,2.10904) (2.6839,2.1588) (2.67896,2.20865) (2.67496,2.25856) (2.67189,2.30852) (2.66977,2.35851) 
1 (3.23174,1.25894) (3.2814,1.26516) (3.33101,1.27185) (3.38055,1.279) (3.43003,1.28661) (3.47943,1.29468) (3.52875,1.30322) (3.57799,1.31222) (3.62714,1.32167) (3.6762,1.33159) 
0 (3.23174,1.25894) (3.18228,1.24808) (3.13374,1.23377) (3.08635,1.21609) (3.04035,1.19515) (2.99597,1.17109) (2.95343,1.14402) (2.91295,1.11413) (2.87472,1.08156) (2.83892,1.04651) 
1 (2.66977,2.35851) (2.66719,2.40845) (2.66467,2.45839) (2.66222,2.50833) (2.65982,2.55828) (2.65749,2.60822) (2.65522,2.65817) (2.65302,2.70813) (2.65087,2.75809) (2.64879,2.80804) 
1 (2.66977,2.35851) (2.66741,2.40848) (2.66553,2.45846) (2.66415,2.50845) (2.66326,2.55846) (2.66285,2.60846) (2.66294,2.65846) (2.66352,2.70845) (2.66459,2.75842) (2.66616,2.80838) 
1 (2.66977,2.35851) (2.66966,2.4085) (2.67454,2.45775) (2.68431,2.50579) (2.69883,2.55213) (2.7179,2.59633) (2.74129,2.63798) (2.76873,2.67669) (2.79989,2.71209) (2.83442,2.74386) 
0 (2.66977,2.35851) (2.66988,2.30852) (2.665,2.25927) (2.65523,2.21124) (2.64071,2.16489) (2.62164,2.12069) (2.59825,2.07904) (2.57082,2.04033) (2.53966,2.00493) (2.50512,1.97316) 
1 (3.6762,1.33159) (3.72531,1.34137) (3.77434,1.35153) (3.82329,1.36205) (3.87216,1.37294) (3.92095,1.3842) (3.96965,1.39583) (4.01827,1.40782) (4.06679,1.42018) (4.11521,1.43291) 
1 (2.64879,2.80804) (2.64418,2.85735) (2.63468,2.90546) (2.62042,2.95191) (2.60159,2.99625) (2.57843,3.03805) (2.55121,3.07692) (2.52025,3.11251) (2.48589,3.1445) (2.44851,3.17259) 
1 (2.66616,2.80838) (2.66767,2.85835) (2.66959,2.9083) (2.67191,2.95822) (2.67463,3.00813) (2.67776,3.05801) (2.68128,3.10785) (2.6852,3.15767) (2.68953,3.20744) (2.69425,3.25718) 
1 (2.69425,3.25718) (2.6989,3.30694) (2.70381,3.35668) (2.70897,3.40638) (2.71438,3.45606) (2.72004,3.50571) (2.72596,3.55533) (2.73213,3.60492) (2.73855,3.65447) (2.74522,3.70399) 
0 (2.69425,3.25718) (2.68755,3.20823) (2.6766,3.16043) (2.66151,3.11413) (2.64243,3.06968) (2.61954,3.02739) (2.59304,2.98759) (2.56316,2.95055) (2.53015,2.91654) (2.4943,2.88579) 
1 (2.69425,3.25718) (2.7008,3.3062) (2.71132,3.35421) (2.72571,3.40088) (2.74386,3.44591) (2.76562,3.48903) (2.79082,3.52995) (2.81926,3.56842) (2.85074,3.60419) (2.88504,3.63705) 
0 (2.69425,3.25718) (2.69129,3.20709) (2.6915,3.15711) (2.69484,3.10745) (2.7013,3.05828) (2.71084,3.00981) (2.72342,2.96223) (2.73896,2.91573) (2.75739,2.87047) (2.77864,2.82664) 
1 (2.69425,3.25718) (2.69628,3.30732) (2.69329,3.35692) (2.68537,3.40547) (2.67264,3.45251) (2.65528,3.49758) (2.63351,3.54025) (2.60758,3.58012) (2.5778,3.61682) (2.54451,3.65002) 
1 (4.11521,1.43291) (4.16372,1.44498) (4.21224,1.45698) (4.26077,1.46891) (4.30933,1.48077) (4.3579,1.49257) (4.40649,1.50428) (4.4551,1.51593) (4.50372,1.52751) (4.55236,1.53902) 
0 (4.11521,1.43291) (4.06741,1.41355) (4.02177,1.38974) (3.97874,1.36175) (3.93872,1.32991) (3.90208,1.29457) (3.86915,1.25611) (3.84023,1.21496) (3.81555,1.17156) (3.79534,1.12635) 
1 (4.11521,1.43291) (4.1632,1.45051) (4.20973,1.47156) (4.25455,1.49592) (4.29741,1.52343) (4.33807,1.55393) (4.37633,1.58721) (4.41197,1.62309) (4.44482,1.66133) (4.4747,1.70171) 
1 (2.74522,3.70399) (2.75145,3.75368) (2.75706,3.80343) (2.76203,3.85325) (2.76636,3.90311) (2.77007,3.95302) (2.77314,4.00297) (2.77557,4.05294) (2.77737,4.10293) (2.77854,4.15293) 
1 (2.77854,4.15293) (2.77977,4.20292) (2.78048,4.25293) (2.78069,4.30293) (2.78038,4.35292) (2.77956,4.40291) (2.77822,4.45288) (2.77637,4.50282) (2.77401,4.55274) (2.77114,4.60263) 
0 (2.77854,4.15293) (2.77455,4.1035) (2.76566,4.05522) (2.75198,4.00853) (2.73372,3.96391) (2.71109,3.92177) (2.68437,3.8825) (2.65386,3.84648) (2.61991,3.81403) (2.58288,3.78543) 
1 (2.83442,2.74386) (2.86944,2.77755) (2.90632,2.8091) (2.94493,2.8384) (2.98513,2.86538) (3.0268,2.88995) (3.0698,2.91205) (3.11398,2.9316) (3.1592,2.94856) (3.2053,2.96287) 
0 (2.4943,2.88579) (2.45862,2.85103) (2.42268,2.81654) (2.38649,2.78231) (2.35004,2.74836) (2.31334,2.71468) (2.2764,2.68128) (2.2392,2.64815) (2.20176,2.6153) (2.16408,2.58274) 
0 (2.4943,2.88579) (2.45705,2.85619) (2.41703,2.83072) (2.37467,2.80962) (2.33042,2.79304) (2.28473,2.7811) (2.23807,2.77388) (2.19093,2.7714) (2.14378,2.77364) (2.09709,2.78053) 
0 (1.06729,1.21961) (1.03101,1.25363) (0.994362,1.28726) (0.957366,1.32049) (0.920021,1.35333) (0.882331,1.38577) (0.844301,1.4178) (0.805934,1.44943) (0.767236,1.48065) (0.72821,1.51145) 
1 (3.2053,2.96287) (3.25188,2.98135) (3.29834,3.00011) (3.34468,3.01916) (3.39091,3.03849) (3.43701,3.05811) (3.48299,3.07801) (3.52885,3.0982) (3.57458,3.11868) (3.62018,3.13943) 
0 (3.2053,2.96287) (3.15965,2.93797) (3.11671,2.90892) (3.07689,2.87602) (3.04054,2.83967) (3.00801,2.80025) (2.97958,2.75819) (2.95549,2.71393) (2.93594,2.66794) (2.92107,2.6207) 
1 (4.55236,1.53902) (4.60118,1.54821) (4.65027,1.55576) (4.69959,1.56168) (4.74907,1.56595) (4.79868,1.56858) (4.84834,1.56955) (4.898,1.56889) (4.94762,1.56657) (4.99713,1.56262) 
0 (4.55236,1.53902) (4.50439,1.52021) (4.45854,1.49691) (4.41524,1.46941) (4.3749,1.43801) (4.3379,1.40308) (4.30457,1.365) (4.27521,1.32418) (4.25007,1.28105) (4.22937,1.23607) 
1 (3.13004,1.47907) (3.15795,1.5222) (3.18327,1.56674) (3.20591,1.61254) (3.22581,1.65944) (3.2429,1.70726) (3.25714,1.75584) (3.2685,1.80501) (3.27693,1.85459) (3.28242,1.90441) 
1 (3.13004,1.47907) (3.15709,1.5238) (3.17953,1.57055) (3.1972,1.61882) (3.20996,1.66813) (3.21773,1.71797) (3.22049,1.76784) (3.21825,1.81723) (3.2111,1.86566) (3.19914,1.91266) 
1 (2.83892,1.04651) (2.87777,1.07762) (2.91691,1.10837) (2.95633,1.13875) (2.99604,1.16875) (3.03602,1.19838) (3.07628,1.22763) (3.11681,1.2565) (3.15761,1.28499) (3.19867,1.3131) 
0 (2.83892,1.04651) (2.80036,1.01435) (2.76207,0.981869) (2.72407,0.949062) (2.68634,0.915932) (2.6489,0.882483) (2.61175,0.848716) (2.57489,0.814633) (2.53833,0.780239) (2.50206,0.745535) 
1 (2.83892,1.04651) (2.8783,1.07562) (2.91889,1.10294) (2.96063,1.12844) (3.00343,1.15206) (3.04721,1.17377) (3.09189,1.19352) (3.13739,1.21129) (3.18361,1.22705) (3.23046,1.24076) 
0 (2.83892,1.04651) (2.80187,1.00927) (2.76872,0.968905) (2.73976,0.925854) (2.71525,0.88057) (2.69538,0.833529) (2.6803,0.785218) (2.67013,0.736132) (2.6649,0.68677) (2.66463,0.637627) 
0 (3.28242,1.90441) (3.27566,1.85468) (3.27029,1.80482) (3.2663,1.75487) (3.26369,1.70487) (3.26248,1.65486) (3.26265,1.60486) (3.2642,1.55493) (3.26714,1.5051) (3.27146,1.45541) 
1 (3.28242,1.90441) (3.28737,1.95463) (3.28729,2.0046) (3.28222,2.05382) (3.27227,2.10179) (3.25757,2.14805) (3.23833,2.19217) (3.21478,2.23371) (3.1872,2.27229) (3.15591,2.30756) 
0 (3.28242,1.90441) (3.27746,1.85418) (3.27754,1.80421) (3.28261,1.755) (3.29256,1.70702) (3.30726,1.66076) (3.3265,1.61664) (3.35005,1.5751) (3.37763,1.53652) (3.40893,1.50125) 
1 (4.99713,1.56262) (5.04703,1.55655) (5.09647,1.5475) (5.14527,1.53551) (5.19326,1.52064) (5.24026,1.50296) (5.2861,1.48253) (5.33063,1.45945) (5.37367,1.4338) (5.41509,1.4057) 
1 (4.99713,1.56262) (5.04711,1.5619) (5.0971,1.56172) (5.14709,1.5621) (5.19707,1.56302) (5.24704,1.56448) (5.29699,1.56649) (5.34691,1.56905) (5.3968,1.57216) (5.44666,1.57581) 
0 (4.99713,1.56262) (4.94716,1.55667) (4.89803,1.54585) (4.85023,1.53031) (4.80422,1.51025) (4.76044,1.48593) (4.71931,1.45762) (4.68121,1.42565) (4.6465,1.39037) (4.61547,1.35217) 
1 (3.62018,3.13943) (3.6655,3.16212) (3.71,3.18634) (3.75364,3.21205) (3.79636,3.23923) (3.83812,3.26784) (3.87886,3.29784) (3.91853,3.32921) (3.95709,3.36189) (3.9945,3.39584) 
1 (3.62018,3.13943) (3.6668,3.15279) (3.71452,3.16132) (3.76285,3.16498) (3.81131,3.16379) (3.85941,3.1578) (3.90667,3.14712) (3.95262,3.13191) (3.99683,3.11236) (4.03886,3.08871) 
1 (2.44851,3.17259) (2.41122,3.20593) (2.37395,3.2393) (2.33672,3.27271) (2.29951,3.30614) (2.26234,3.33961) (2.22519,3.37312) (2.18807,3.40665) (2.15099,3.44022) (2.11393,3.47382) 
1 (2.44851,3.17259) (2.41293,3.21124) (2.38138,3.25284) (2.35414,3.29696) (2.33145,3.34312) (2.31347,3.39084) (2.30035,3.43964) (2.29217,3.48901) (2.28896,3.53845) (2.2907,3.58748) 
1 (3.9945,3.39584) (4.03274,3.42839) (4.07069,3.46125) (4.10837,3.49443) (4.14576,3.52793) (4.18287,3.56175) (4.21969,3.59587) (4.25622,3.6303) (4.29246,3.66504) (4.3284,3.70008) 
0 (3.9945,3.39584) (3.95459,3.36974) (3.91228,3.34799) (3.86801,3.33077) (3.82223,3.3182) (3.77544,3.31037) (3.72809,3.30731) (3.68067,3.30899) (3.63366,3.31536) (3.58752,3.32631) 
0 (0.72821,1.51145) (0.689791,1.54459) (0.652377,1.57884) (0.616001,1.61415) (0.580694,1.6505) (0.546486,1.68785) (0.513408,1.72618) (0.481488,1.76544) (0.450752,1.80559) (0.421228,1.84661) 
0 (0.72821,1.51145) (0.690951,1.54848) (0.657575,1.58866) (0.628376,1.63156) (0.603606,1.67671) (0.583467,1.72364) (0.568115,1.77188) (0.557654,1.82091) (0.552141,1.87026) (0.551582,1.91941) 
1 (4.3284,3.70008) (4.36469,3.7341) (4.40133,3.76773) (4.43832,3.80097) (4.47566,3.83382) (4.51334,3.86627) (4.55136,3.89833) (4.58971,3.92997) (4.6284,3.96122) (4.6674,3.99205) 
1 (4.3284,3.70008) (4.36492,3.73336) (4.40222,3.76573) (4.44029,3.79718) (4.47911,3.82769) (4.51864,3.85724) (4.55887,3.88583) (4.59978,3.91342) (4.64133,3.94001) (4.68351,3.96558) 
1 (4.3284,3.70008) (4.36494,3.73328) (4.40232,3.76551) (4.4405,3.79677) (4.47946,3.82702) (4.51918,3.85626) (4.55964,3.88445) (4.60079,3.9116) (4.64262,3.93767) (4.6851,3.96265) 
1 (4.3284,3.70008) (4.36398,3.73629) (4.39845,3.77351) (4.43178,3.81173) (4.46394,3.8509) (4.4949,3.89099) (4.52464,3.93195) (4.55312,3.97377) (4.58033,4.01638) (4.60624,4.05976) 
0 (4.3284,3.70008) (4.29398,3.66058) (4.26346,3.61836) (4.23708,3.57384) (4.21503,3.52742) (4.19748,3.47955) (4.18454,3.43067) (4.17629,3.38123) (4.17276,3.33168) (4.17394,3.28246) 
1 (4.3284,3.70008) (4.36272,3.73984) (4.3929,3.78241) (4.41868,3.82735) (4.43984,3.87417) (4.45623,3.92239) (4.46772,3.97152) (4.47424,4.02106) (4.47579,4.0705) (4.47239,4.11936) 
1 (2.77114,4.60263) (2.76837,4.65254) (2.7653,4.70242) (2.76193,4.75229) (2.75826,4.80213) (2.75429,4.85195) (2.75001,4.90174) (2.74544,4.9515) (2.74057,5.00124) (2.7354,5.05094) 
1 (2.77114,4.60263) (2.76797,4.65246) (2.76372,4.70218) (2.75837,4.75178) (2.75194,4.80122) (2.74443,4.85049) (2.73584,4.89955) (2.72618,4.94839) (2.71544,4.99699) (2.70365,5.04531) 
0 (2.77114,4.60263) (2.77534,4.55308) (2.78269,4.5041) (2.79313,4.45588) (2.80662,4.40862) (2.82308,4.3625) (2.84245,4.31771) (2.86462,4.27441) (2.8895,4.23278) (2.91697,4.19299) 
0 (2.77114,4.60263) (2.77126,4.55264) (2.76638,4.50338) (2.75662,4.45535) (2.74211,4.40901) (2.72304,4.3648) (2.69966,4.32314) (2.67223,4.28443) (2.64108,4.24903) (2.60654,4.21725) 
0 (0.421228,1.84661) (0.391776,1.88835) (0.364251,1.9313) (0.338705,1.97536) (0.315189,2.02044) (0.293745,2.06646) (0.274414,2.1133) (0.257232,2.16088) (0.242229,2.20909) (0.229433,2.25783) 
1 (4.6851,3.96265) (4.72762,3.9884) (4.77047,4.01357) (4.81366,4.03818) (4.85717,4.0622) (4.90099,4.08565) (4.94511,4.10852) (4.98953,4.13079) (5.03425,4.15248) (5.07924,4.17356) 
1 (4.6851,3.96265) (4.72772,3.98789) (4.77087,4.01222) (4.81452,4.03562) (4.85865,4.05808) (4.90324,4.0796) (4.94828,4.10017) (4.99374,4.11978) (5.03961,4.13841) (5.08585,4.15607) 
1 (4.6851,3.96265) (4.7287,3.98273) (4.77409,3.99816) (4.8208,4.00886) (4.86834,4.01476) (4.91623,4.01585) (4.96399,4.01217) (5.01114,4.0038) (5.05723,3.99086) (5.10179,3.97355) 
1 (5.07924,4.17356) (5.12414,4.19561) (5.16902,4.21769) (5.21388,4.23983) (5.25871,4.262) (5.30352,4.28422) (5.34831,4.30649) (5.39308,4.3288) (5.43783,4.35115) (5.48255,4.37355) 
1 (5.07924,4.17356) (5.123,4.202) (5.16376,4.23429) (5.20116,4.2701) (5.23487,4.30904) (5.2646,4.35071) (5.2901,4.39467) (5.31116,4.44049) (5.32764,4.4877) (5.3394,4.53584) 
1 (5.07924,4.17356) (5.12298,4.20211) (5.16365,4.23458) (5.20088,4.2706) (5.23432,4.30978) (5.26368,4.3517) (5.28872,4.3959) (5.30921,4.44194) (5.32501,4.48931) (5.336,4.53755) 
1 (4.60624,4.05976) (4.63288,4.10224) (4.65924,4.14489) (4.68534,4.18771) (4.71115,4.23069) (4.73669,4.27384) (4.76196,4.31715) (4.78694,4.36061) (4.81164,4.40424) (4.83606,4.44802) 
0 (0.229433,2.25783) (0.2176,2.30757) (0.210792,2.35774) (0.209027,2.40783) (0.212272,2.45736) (0.220445,2.50581) (0.233414,2.55274) (0.251004,2.59767) (0.272991,2.64018) (0.299112,2.67987) 
1 (0.229433,2.25783) (0.242499,2.20893) (0.253144,2.15956) (0.261349,2.10985) (0.267099,2.05992) (0.270386,2.00989) (0.271209,1.95988) (0.269571,1.91001) (0.265482,1.8604) (0.258959,1.81117) 
0 (1.92047,0.970192) (1.87587,0.946487) (1.83187,0.9217) (1.7885,0.895847) (1.74578,0.868944) (1.70374,0.841009) (1.66241,0.81206) (1.6218,0.782114) (1.58195,0.75119) (1.54288,0.719309) 
1 (1.92047,0.970192) (1.96612,0.98721) (2.01289,1.00074) (2.06054,1.01073) (2.10879,1.01714) (2.15738,1.01996) (2.20604,1.01919) (2.25452,1.01486) (2.30255,1.00701) (2.34987,0.995692) 
1 (2.7354,5.05094) (2.73041,5.10069) (2.72548,5.15046) (2.72063,5.20023) (2.71584,5.25) (2.71111,5.29979) (2.70646,5.34958) (2.70186,5.39937) (2.69734,5.44917) (2.69288,5.49898) 
1 (2.7354,5.05094) (2.73267,5.1011) (2.73457,5.15087) (2.74103,5.19983) (2.75197,5.24759) (2.76726,5.29373) (2.78672,5.33789) (2.81016,5.37971) (2.83735,5.41885) (2.86802,5.455) 
1 (5.48255,4.37355) (5.52717,4.39661) (5.57153,4.42015) (5.61563,4.44418) (5.65946,4.46868) (5.70303,4.49365) (5.74632,4.51909) (5.78933,4.545) (5.83206,4.57137) (5.87449,4.59821) 
0 (5.48255,4.37355) (5.43851,4.34726) (5.39612,4.31848) (5.35553,4.28732) (5.31688,4.25391) (5.28029,4.21836) (5.2459,4.18083) (5.21381,4.14144) (5.18414,4.10034) (5.15698,4.0577) 
1 (5.48255,4.37355) (5.52745,4.39491) (5.57265,4.41562) (5.61814,4.43568) (5.66391,4.45507) (5.70996,4.4738) (5.75628,4.49186) (5.80285,4.50925) (5.84966,4.52596) (5.89671,4.542) 
1 (5.48255,4.37355) (5.52742,4.3951) (5.57253,4.41613) (5.61788,4.43662) (5.66347,4.45659) (5.70929,4.47603) (5.75533,4.49492) (5.80158,4.51329) (5.84804,4.53111) (5.89471,4.54838) 
0 (5.48255,4.37355) (5.43678,4.35806) (5.38968,4.34735) (5.34175,4.34148) (5.29348,4.34046) (5.24534,4.34425) (5.19782,4.35276) (5.15139,4.36586) (5.1065,4.38339) (5.06359,4.4051) 
1 (5.87449,4.59821) (5.91717,4.6241) (5.95994,4.64981) 
1 (2.11393,3.47382) (2.07666,3.50672) (2.03901,3.53916) (2.00097,3.57116) (1.96257,3.60271) (1.92379,3.63379) (1.88465,3.66441) (1.84516,3.69457) (1.80531,3.72426) (1.76512,3.75347) 
0 (2.11393,3.47382) (2.14927,3.43495) (2.18054,3.39315) (2.20749,3.34886) (2.22988,3.30257) (2.24754,3.25474) (2.26034,3.20587) (2.26819,3.15646) (2.27107,3.10701) (2.269,3.05802) 
0 (3.27146,1.45541) (3.27544,1.40563) (3.28013,1.35592) (3.28554,1.30629) (3.29166,1.25676) (3.2985,1.20732) (3.30604,1.15801) (3.3143,1.10881) (3.32326,1.05975) (3.33292,1.01084) 
0 (2.50512,1.97316) (2.46934,1.94183) (2.43062,1.91452) (2.38936,1.89147) (2.34601,1.87286) (2.30102,1.85884) (2.25485,1.84949) (2.20798,1.84488) (2.16088,1.84498) (2.11403,1.84977) 
0 (2.50512,1.97316) (2.46934,1.94183) (2.43062,1.91452) (2.38936,1.89147) (2.34601,1.87286) (2.30102,1.85884) (2.25485,1.84949) (2.20798,1.84488) (2.16088,1.84498) (2.11403,1.84977) 
1 (2.69288,5.49898) (2.68844,5.54879) (2.68412,5.59861) (2.67992,5.64845) (2.67583,5.69829) (2.67185,5.74814) (2.66799,5.798) (2.66424,5.84787) (2.66061,5.89774) (2.65709,5.94763) 
1 (2.69288,5.49898) (2.68899,5.54892) (2.68631,5.59891) (2.68484,5.64892) (2.68459,5.69893) (2.68555,5.74889) (2.68771,5.79879) (2.69109,5.8486) (2.69567,5.89827) (2.70145,5.9478) 
1 (2.69288,5.49898) (2.68787,5.54862) (2.68183,5.59813) (2.67477,5.64748) (2.66668,5.69665) (2.65757,5.74562) (2.64745,5.79437) (2.63632,5.84288) (2.62418,5.89113) (2.61105,5.9391) 
1 (2.69288,5.49898) (2.68591,5.54777) (2.6741,5.59514) (2.65762,5.64063) (2.63668,5.6838) (2.61153,5.72425) (2.58248,5.76159) (2.54984,5.79549) (2.51398,5.82564) (2.47529,5.85178) 
1 (5.41509,1.4057) (5.45902,1.38335) (5.5037,1.36256) (5.54907,1.34336) (5.59508,1.32576) (5.64167,1.30979) (5.68879,1.29547) (5.73638,1.2828) (5.78438,1.2718) (5.83273,1.26249) 
1 (4.83606,4.44802) (4.86052,4.49176) (4.88475,4.53562) (4.90876,4.5796) (4.93254,4.6237) (4.9561,4.66792) (4.97943,4.71227) (5.00253,4.75673) (5.0254,4.8013) (5.04804,4.846) 
1 (5.95994,4.64981) 
1 (5.83273,1.26249) (5.88136,1.25124) (5.93008,1.24033) (5.97887,1.22978) 
1 (5.44666,1.57581) (5.49656,1.57958) (5.54641,1.58399) (5.5962,1.58902) (5.64592,1.59468) (5.69556,1.60097) (5.74513,1.60788) (5.7946,1.61542) (5.84397,1.62358) (5.89324,1.63235) 
0 (5.44666,1.57581) (5.39688,1.56766) (5.34781,1.55603) (5.29969,1.54102) (5.25276,1.5227) (5.20726,1.50119) (5.1634,1.47661) (5.1214,1.44911) (5.08147,1.41883) (5.04379,1.38595) 
1 (2.70145,5.9478) (2.70739,5.99726) (2.71486,6.04646) (2.72383,6.09537) (2.7343,6.14394) (2.74626,6.19211) (2.7597,6.23985) (2.77459,6.2871) (2.79094,6.33383) (2.80871,6.38) 
1 (1.54288,0.719309) (1.58095,0.755488) (1.61522,0.794907) (1.64539,0.837141) (1.67118,0.88174) (1.6924,0.928233) (1.70887,0.976139) (1.72047,1.02496) (1.72715,1.07421) (1.72887,1.12338) 
0 (1.54288,0.719309) (1.50268,0.691015) (1.4615,0.664212) (1.41938,0.638932) (1.37639,0.615206) (1.33258,0.593061) (1.288,0.572525) (1.24272,0.553621) (1.19679,0.536371) (1.15027,0.520797) 
1 (2.80871,6.38) (2.82434,6.42847) (2.83686,6.47765) (2.84623,6.52732) (2.85242,6.57729) (2.85542,6.62734) (2.85524,6.67728) (2.85188,6.72691) (2.84538,6.77603) (2.83576,6.82443) 
1 (2.80871,6.38) (2.82681,6.42585) (2.84679,6.47084) (2.86862,6.51489) (2.89224,6.55793) (2.91763,6.59988) (2.94472,6.64068) (2.97348,6.68025) 
0 (2.80871,6.38) (2.7897,6.33529) (2.76717,6.29254) (2.74127,6.25201) (2.71219,6.21395) (2.68015,6.17859) (2.64538,6.14613) (2.60811,6.11677) (2.5686,6.09069) (2.52712,6.06802) 
1 (2.83576,6.82443) (2.8277,6.87373) (2.81936,6.92298) (2.81072,6.97218) (2.80181,7.02132) (2.79261,7.07042) (2.78312,7.11945) (2.77335,7.16843) (2.76329,7.21735) (2.75295,7.26621) 
1 (2.83576,6.82443) (2.82632,6.87294) (2.8139,6.92059) (2.79855,6.96719) (2.78035,7.01258) (2.75938,7.05659) (2.73573,7.09905) (2.70949,7.13981) (2.68078,7.17871) (2.64972,7.21561) 
1 (2.97348,6.68025) 
1 (2.97348,6.68025) 
0 (5.08585,4.15607) (5.04068,4.13018) (4.99832,4.10018) (4.95916,4.06643) (4.92357,4.0293) (4.89186,3.98918) (4.86431,3.94651) (4.84117,3.90175) (4.82261,3.85536) (4.80877,3.80781) 
1 (5.89324,1.63236) (5.94258,1.64088) (5.99185,1.64986) 
1 (5.89324,1.63235) (5.94265,1.63959) (5.99212,1.64641) 
1 (5.04804,4.846) (5.07085,4.89044) (5.09375,4.93484) (5.11674,4.9792) (5.13982,5.0235) (5.163,5.06776) (5.18626,5.11197) (5.20962,5.15613) (5.23306,5.20025) (5.2566,5.24431) 
1 (5.04804,4.846) (5.06854,4.89362) (5.08419,4.94257) (5.09487,4.99235) (5.10052,5.04244) (5.10115,5.09234) (5.09679,5.14156) (5.08754,5.1896) (5.07354,5.23601) (5.05498,5.28034) 
1 (5.95994,4.64981) 
1 (5.99185,1.64986) 
1 (2.75295,7.26621) (2.7429,7.31525) (2.73315,7.36435) (2.72369,7.4135) (2.71454,7.46271) (2.70568,7.51198) (2.69712,7.56129) (2.68886,7.61065) (2.68091,7.66006) (2.67325,7.70952) 
1 (2.75295,7.26621) (2.74521,7.31636) (2.74252,7.36653) (2.74485,7.41621) (2.75213,7.46492) (2.76424,7.51218) (2.781,7.55752) (2.8022,7.60053) (2.8276,7.64078) (2.85688,7.67791) 
0 (2.75295,7.26621) (2.76069,7.21606) (2.76338,7.16589) (2.76105,7.11621) (2.75377,7.0675) (2.74167,7.02024) (2.7249,6.97489) (2.7037,6.93189) (2.67831,6.89164) (2.64902,6.85451) 
0 (2.92107,2.6207) (2.90386,2.57206) (2.89158,2.52244) (2.88432,2.47234) (2.8821,2.42227) (2.88489,2.37273) (2.89261,2.32421) (2.90514,2.27718) (2.9223,2.2321) (2.94387,2.18939) 
0 (2.52712,6.06802) (2.48485,6.04248) (2.4419,6.01814) (2.39828,5.99502) (2.35404,5.97313) (2.30921,5.95249) (2.26383,5.93312) (2.21793,5.91503) (2.17154,5.89822) (2.12471,5.88272) 
0 (2.52712,6.06802) (2.48585,6.03793) (2.44599,6.00608) (2.40759,5.97253) (2.37075,5.93736) (2.33553,5.90064) (2.302,5.86244) (2.27022,5.82285) (2.24026,5.78195) (2.21217,5.73983) 
1 (5.99185,1.64986) 
1 (5.99185,1.64986) 
0 (2.97348,6.68025) (2.94528,6.63905) (2.91694,6.59794) (2.88848,6.55692) (2.8599,6.51598) (2.83119,6.47514) (2.80235,6.43438) (2.77339,6.39371) (2.7443,6.35313) (2.71509,6.31265) 
1 (2.61105,5.9391) (2.59756,5.98678) (2.58246,6.03392) (2.56576,6.08047) (2.54748,6.12636) (2.52764,6.17155) (2.50628,6.21599) (2.48341,6.25962) (2.45907,6.3024) (2.43329,6.34427) 
0 (2.61105,5.9391) (2.62127,5.88915) (2.62646,5.83894) (2.62661,5.78897) (2.62177,5.73972) (2.61204,5.6917) (2.59756,5.64536) (2.57853,5.60115) (2.55518,5.55949) (2.52779,5.52078) 
1 (5.2566,5.24431) (5.28215,5.28485) (5.31143,5.32242) (5.34413,5.35673) (5.37995,5.38749) (5.41851,5.41446) (5.45946,5.43742) (5.5024,5.45621) (5.54693,5.47069) (5.59263,5.48078) 
1 (5.2566,5.24431) (5.27785,5.29167) (5.29426,5.34043) (5.30573,5.39009) (5.31217,5.44015) (5.31359,5.4901) (5.31002,5.53944) (5.30154,5.58769) (5.28828,5.63438) (5.27043,5.67905) 
1 (5.2566,5.24431) (5.27785,5.29167) (5.29426,5.34043) (5.30573,5.39009) (5.31217,5.44015) (5.31359,5.4901) (5.31002,5.53944) (5.30154,5.58769) (5.28828,5.63438) (5.27043,5.67905) 
0 (5.95994,4.64981) (5.91859,4.61762) (5.88065,4.5818) (5.84648,4.54275) (5.81638,4.50089) (5.79061,4.45667) (5.76938,4.41054) (5.75286,4.363) (5.74117,4.31453) (5.73438,4.26562) 
1 (5.95994,4.64981) 
1 (5.59263,5.48078) (5.63932,5.50267) (5.68394,5.52834) (5.72617,5.55755) (5.76573,5.59007) (5.80234,5.62562) (5.83573,5.66393) (5.8657,5.70468) (5.89204,5.74755) (5.91458,5.79221) 
1 (5.59263,5.48078) (5.63919,5.50361) (5.68323,5.53071) (5.72435,5.56179) (5.76216,5.59649) (5.79632,5.63443) (5.82652,5.67519) (5.8525,5.71834) (5.87404,5.76342) (5.89097,5.80997) 
0 (5.73438,4.26562) (5.72252,4.21741) (5.70921,4.16962) (5.69447,4.12229) (5.67832,4.07547) (5.66077,4.02919) (5.64184,3.98351) (5.62154,3.93845) (5.59991,3.89407) (5.57694,3.85039) 
0 (5.73438,4.26562) (5.7257,4.21554) (5.72206,4.16534) (5.72345,4.11553) (5.72981,4.0666) (5.74102,4.01904) (5.75692,3.9733) (5.77731,3.92983) (5.80194,3.88903) (5.83051,3.85129) 
1 (2.97348,6.68025) 
1 (2.97348,6.68025) 
1 (5.91458,5.79221) (5.94124,5.83422) (5.96835,5.87595) (5.9959,5.91738) 
0 (5.91458,5.79221) (5.89031,5.74609) (5.87076,5.69826) (5.85608,5.6492) (5.84637,5.59942) (5.84168,5.54942) (5.84201,5.4997) (5.8473,5.45075) (5.85745,5.40307) (5.87231,5.3571) 
0 (3.58752,3.32631) (3.53814,3.3389) (3.49025,3.35622) (3.44434,3.37803) (3.40083,3.40407) (3.36014,3.43405) (3.32264,3.46762) (3.28868,3.50441) (3.25857,3.54403) (3.23256,3.58605) 
1 (2.43329,6.34427) (2.40734,6.38614) (2.38001,6.42707) (2.35132,6.46702) (2.32131,6.50594) (2.29002,6.5438) (2.25748,6.58054) (2.22372,6.61613) (2.18879,6.65054) (2.15274,6.68371) 
1 (2.43329,6.34427) (2.4072,6.38587) (2.37945,6.42631) (2.35009,6.46553) (2.31917,6.50348) (2.28675,6.54008) (2.25287,6.57529) (2.21761,6.60905) (2.18101,6.6413) (2.14313,6.672) 
0 (2.43329,6.34427) (2.45632,6.29762) (2.47457,6.24937) (2.48792,6.20003) (2.49628,6.15011) (2.49961,6.1001) (2.49793,6.05051) (2.49131,6.00183) (2.47987,5.95453) (2.46375,5.90908) 
1 (2.64972,7.21561) (2.61818,7.25259) (2.58457,7.28759) (2.54901,7.32049) (2.51163,7.35121) (2.47256,7.37964) (2.43192,7.40569) (2.38986,7.42931) (2.34652,7.4504) (2.30204,7.46891) 
1 (3.33292,1.01084) (3.32607,1.06103) (3.32426,1.11115) (3.32746,1.1607) (3.33559,1.20919) (3.34853,1.25615) (3.36609,1.30112) (3.38804,1.34368) (3.41414,1.38341) (3.44408,1.41996) 
0 (3.33292,1.01084) (3.34043,0.960864) (3.34424,0.910745) (3.34435,0.860754) (3.34077,0.811162) (3.33356,0.762235) (3.32276,0.714237) (3.30846,0.667422) (3.29075,0.622037) (3.26974,0.578323) 
1 (3.79534,1.12635) (3.82251,1.16558) (3.85346,1.20153) (3.88785,1.23387) (3.92529,1.26231) (3.96538,1.2866) (4.0077,1.30655) (4.0518,1.32199) (4.09722,1.33282) (4.1435,1.33898) 
0 (3.79534,1.12635) (3.77249,1.07962) (3.75442,1.03131) (3.74126,0.98194) (3.7331,0.931997) (3.72997,0.881991) (3.73184,0.832422) (3.73866,0.783781) (3.75029,0.736545) (3.76659,0.691171) 
0 (2.50206,0.745535) (2.46632,0.709136) (2.43207,0.671391) (2.39937,0.63236) (2.36826,0.592111) (2.3388,0.55071) (2.31102,0.508225) (2.28498,0.464728) (2.2607,0.42029) (2.23823,0.374985) 
0 (2.12471,5.88272) (2.07705,5.87243) (2.0286,5.86703) (1.97986,5.86652) (1.9313,5.87087) (1.88342,5.87997) (1.8367,5.89369) (1.79157,5.91184) (1.74848,5.93421) (1.70784,5.96052) 
1 (2.30204,7.46891) (2.25739,7.49213) (2.21311,7.51605) (2.16923,7.54068) (2.12575,7.56599) (2.08268,7.592) (2.04003,7.61869) (1.99782,7.64605) (1.95605,7.67408) (1.91473,7.70276) 
0 (2.30204,7.46891) (2.34569,7.44021) (2.38625,7.4076) (2.42336,7.37145) (2.45667,7.33215) (2.4859,7.29014) (2.51078,7.24585) (2.53112,7.19975) (2.54675,7.15232) (2.55757,7.10404) 
0 (5.15698,4.0577) (5.12771,4.01695) (5.09874,3.97599) (5.07006,3.93482) (5.04169,3.89345) (5.01361,3.85188) (4.98583,3.81011) (4.95836,3.76814) (4.93119,3.72598) (4.90433,3.68362) 
0 (5.15698,4.0577) (5.12963,4.01313) (5.10687,3.96652) (5.08888,3.91834) (5.07579,3.86909) (5.06768,3.81928) (5.06459,3.76942) (5.06649,3.71999) (5.07331,3.67149) (5.08494,3.62439) 
1 (5.27043,5.67905) (5.25528,5.72679) (5.24042,5.77462) (5.22586,5.82254) (5.2116,5.87055) (5.19762,5.91864) (5.18395,5.96682) (5.17057,6.01508) (5.15748,6.06342) (5.1447,6.11183) 
0 (5.27043,5.67905) (5.28617,5.63188) (5.30279,5.58504) (5.32028,5.53853) (5.33864,5.49238) (5.35786,5.44659) (5.37794,5.40118) (5.39886,5.35618) (5.42062,5.31159) (5.44321,5.26743) 
1 (5.1447,6.11183) (5.13216,6.16044) (5.12043,6.20924) (5.10951,6.25821) (5.09941,6.30734) (5.09012,6.35662) (5.08166,6.40604) (5.07401,6.45557) (5.06719,6.50521) (5.06119,6.55495) 
1 (5.1447,6.11183) (5.12937,6.15787) (5.10952,6.2017) (5.08539,6.2429) (5.05727,6.28108) (5.02548,6.31591) (4.99037,6.34705) (4.95233,6.37424) (4.91176,6.39725) (4.8691,6.41588) 
1 (5.9959,5.91738) 
1 (5.99185,1.64986) 
1 (5.9959,5.91738) 
1 (2.67325,7.70952) (2.66567,7.75901) (2.65857,7.80858) (2.65195,7.8582) (2.6458,7.90788) (2.64013,7.95761) (2.63493,8.00739) (2.63021,8.05721) (2.62597,8.10707) (2.6222,8.15696) 
1 (2.67325,7.70952) (2.66535,7.75886) (2.65728,7.80818) (2.64904,7.85747) (2.64063,7.90673) (2.63205,7.95595) (2.62329,8.00515) (2.61437,8.05432) (2.60527,8.10345) (2.596,8.15255) 
1 (2.67325,7.70952) (2.66298,7.75741) (2.64799,7.80356) (2.62846,7.84753) (2.60464,7.88891) (2.57681,7.9273) (2.54528,7.96235) (2.51042,7.99374) (2.47259,8.0212) (2.43221,8.0445) 
0 (2.67325,7.70952) (2.68351,7.66163) (2.69851,7.61548) (2.71803,7.57151) (2.74185,7.53013) (2.76969,7.49174) (2.80121,7.45669) (2.83608,7.4253) (2.8739,7.39783) (2.91428,7.37454) 
0 (4.17394,3.28246) (4.1739,3.23248) (4.17859,3.18316) (4.18793,3.13495) (4.20179,3.08826) (4.22,3.04351) (4.24236,3.00107) (4.26863,2.96131) (4.29855,2.92456) (4.33181,2.89111) 
0 (4.17394,3.28246) (4.17403,3.23249) (4.17912,3.18328) (4.18909,3.13531) (4.2038,3.08905) (4.22306,3.04494) (4.24662,3.0034) (4.27421,2.96483) (4.30552,2.92957) (4.34019,2.89795) 
1 (2.15274,6.68371) (2.11764,6.72063) (2.08395,6.75878) (2.0517,6.7981) (2.02093,6.83853) (1.99169,6.88003) (1.96401,6.92253) (1.93793,6.96597) (1.91349,7.01028) (1.89071,7.05542) 
1 (5.9959,5.91738) 
1 (5.99185,1.64986) 
1 (1.76512,3.75347) (1.72523,3.78407) (1.68569,3.81512) (1.64651,3.84661) (1.60769,3.87855) (1.56923,3.91092) (1.53115,3.94372) (1.49345,3.97695) (1.45612,4.01061) (1.41918,4.04468) 
1 (2.14313,6.672) (2.10468,6.70195) (2.06472,6.72979) (2.02337,6.75544) (1.98074,6.77885) (1.93696,6.79996) (1.89214,6.81871) (1.84641,6.83507) (1.7999,6.849) (1.75272,6.86046) 
0 (2.14313,6.672) (2.17905,6.63366) (2.21095,6.59232) (2.23857,6.54843) (2.26168,6.50246) (2.28007,6.45488) (2.29362,6.40618) (2.30225,6.35686) (2.30591,6.30743) (2.30461,6.25837) 
1 (1.40162,1.18477) (1.44118,1.21675) (1.47958,1.25007) (1.51677,1.2847) (1.55271,1.32058) (1.58734,1.35768) (1.62063,1.39593) (1.65254,1.43529) (1.68303,1.47572) (1.71207,1.51715) 
0 (1.40162,1.18477) (1.36183,1.15366) (1.3227,1.12174) (1.28425,1.08902) (1.24649,1.05552) (1.20944,1.02125) (1.17311,0.986236) (1.13752,0.950481) (1.10268,0.914006) (1.06862,0.876827) 
0 (1.40162,1.18477) (1.36009,1.16111) (1.31641,1.14192) (1.27103,1.12737) (1.22442,1.11753) (1.17707,1.11248) (1.12945,1.1122) (1.08203,1.11666) (1.0353,1.12576) (0.989713,1.13937) 
1 (5.06119,6.55495) (5.05519,6.60469) (5.05008,6.65452) (5.04584,6.70441) (5.04248,6.75436) (5.04,6.80434) (5.0384,6.85434) (5.03768,6.90435) (5.03784,6.95434) (5.03888,7.00431) 
0 (5.06119,6.55495) (5.07009,6.50666) (5.08376,6.45997) (5.10203,6.41534) (5.12466,6.37319) (5.15139,6.33393) (5.1819,6.2979) (5.21585,6.26544) (5.25288,6.23685) (5.29258,6.21236) 
1 (1.91473,7.70276) (1.87303,7.73013) (1.83119,7.75727) (1.7892,7.78419) (1.74707,7.81089) (1.70479,7.83737) (1.66238,7.86361) (1.61983,7.88964) (1.57715,7.91543) (1.53432,7.941) 
1 (1.91473,7.70276) (1.8736,7.73266) (1.83357,7.76396) (1.79467,7.79662) (1.75695,7.8306) (1.72047,7.86585) (1.68526,7.90234) (1.65137,7.94) (1.61885,7.9788) (1.58772,8.01868) 
1 (5.99185,1.64986) 
1 (1.71207,1.51715) (1.74411,1.55231) (1.7795,1.58375) (1.81786,1.61121) (1.85877,1.63445) (1.90179,1.65328) (1.94648,1.66755) (1.99236,1.67717) (2.03898,1.68209) (2.08586,1.68231) 
1 (2.88504,3.63705) (2.91986,3.671) (2.9565,3.70288) (2.99485,3.73259) (3.03478,3.76005) (3.07616,3.78518) (3.11887,3.80792) (3.16276,3.8282) (3.20771,3.84597) (3.25358,3.86119) 
1 (2.88504,3.63705) (2.92064,3.66857) (2.95922,3.69608) (3.00035,3.71935) (3.04359,3.73818) (3.0885,3.75243) (3.13461,3.76202) (3.18145,3.76687) (3.22853,3.767) (3.2754,3.76246) 
1 (5.9959,5.91738) 
1 (5.95994,4.64981) 
0 (1.89071,7.05542) (1.91277,7.00871) (1.93083,6.96066) (1.9448,6.9116) (1.9546,6.86189) (1.9602,6.81189) (1.96159,6.76195) (1.95878,6.71242) (1.95184,6.66364) (1.94082,6.61596) 
1 (1.41918,4.04468) (1.38234,4.07918) (1.34615,4.11436) (1.31064,4.15021) (1.27582,4.18671) (1.24171,4.22386) (1.20831,4.26164) (1.17563,4.30004) (1.14369,4.33904) (1.1125,4.37862) 
1 (1.41918,4.04468) (1.38125,4.07549) (1.34194,4.10446) (1.30132,4.13151) (1.2595,4.1566) (1.21656,4.17967) (1.1726,4.20069) (1.12772,4.21961) (1.08201,4.23639) (1.03557,4.251) 
1 (1.53432,7.941) (1.49198,7.96891) (1.45052,7.99811) (1.41001,8.02857) (1.37048,8.06025) (1.33196,8.09314) (1.2945,8.12718) (1.25813,8.16236) (1.22288,8.19862) (1.18879,8.23594) 
0 (1.18879,8.23594) (1.22191,8.1952) (1.25079,8.15179) (1.2752,8.10615) (1.29493,8.05877) (1.30984,8.01014) (1.31981,7.96076) (1.3248,7.91113) (1.32482,7.86174) (1.3199,7.81309) 
1 (1.18879,8.23594) (1.15392,8.27197) (1.11925,8.30818) (1.08477,8.34457) (1.05049,8.38115) (1.0164,8.41791) (0.982518,8.45486) (0.948832,8.49198) (0.915346,8.52929) (0.882061,8.56677) 
1 (1.18879,8.23594) (1.15567,8.27668) (1.12678,8.32009) (1.10237,8.36573) (1.08264,8.41311) (1.06774,8.46174) (1.05776,8.51112) (1.05277,8.56075) (1.05276,8.61014) (1.05768,8.65879) 
0 (2.86802,5.455) (2.84035,5.41066) (2.81717,5.36426) (2.79866,5.31626) (2.78496,5.26715) (2.77616,5.21741) (2.77229,5.16753) (2.77334,5.11799) (2.77926,5.06928) (2.78994,5.02185) 
0 (2.16408,2.58274) (2.12492,2.55559) (2.08325,2.53274) (2.0395,2.51438) (1.99413,2.50063) (1.94763,2.4916) (1.90045,2.48732) (1.85308,2.48779) (1.80599,2.49296) (1.75966,2.50273) 
0 (2.16408,2.58274) (2.12492,2.55559) (2.08325,2.53274) (2.0395,2.51438) (1.99413,2.50063) (1.94763,2.4916) (1.90045,2.48732) (1.85308,2.48779) (1.80599,2.49296) (1.75966,2.50273) 
1 (2.16408,2.58274) (2.19995,2.62112) (2.2318,2.6625) (2.25936,2.70642) (2.28241,2.75243) (2.30074,2.80003) (2.31423,2.84874) (2.32279,2.89807) (2.32638,2.9475) (2.32502,2.99655) 
0 (5.44321,5.26743) (5.46554,5.2228) (5.48808,5.17827) (5.51082,5.13385) (5.53376,5.08953) (5.55692,5.04532) (5.58027,5.00122) (5.60384,4.95723) (5.6276,4.91335) (5.65157,4.86959) 
1 (5.44321,5.26743) (5.41973,5.31023) (5.39385,5.3515) (5.36568,5.3911) (5.33531,5.42892) (5.30284,5.46483) (5.26839,5.49873) (5.23207,5.53052) (5.194,5.5601) (5.15432,5.58738) 
1 (3.25358,3.86119) (3.30021,3.8776) (3.34739,3.89236) (3.39505,3.90548) (3.44313,3.91692) (3.49158,3.92668) (3.54034,3.93475) (3.58935,3.94112) (3.63854,3.94579) (3.68788,3.94874) 
1 (2.6222,8.15696) (2.62069,8.20707) (2.62419,8.25658) (2.63262,8.30499) (2.64583,8.35185) (2.66366,8.3967) (2.68588,8.4391) (2.71222,8.47866) (2.74237,8.51501) (2.77601,8.54782) 
1 (5.9959,5.91738) 
1 (5.03888,7.00431) (5.04197,7.05389) (5.04999,7.10241) (5.06282,7.14942) (5.08028,7.19444) (5.10215,7.23706) (5.12816,7.27687) (5.15801,7.3135) (5.19137,7.34661) (5.22788,7.37592) 
0 (5.03888,7.00431) (5.04078,6.95456) (5.04765,6.90574) (5.05935,6.85833) (5.07572,6.8128) (5.09656,6.76957) (5.12162,6.72906) (5.15059,6.69164) (5.18315,6.65767) (5.21894,6.62743) 
1 (5.03888,7.00431) (5.03853,7.0543) (5.0363,7.10416) (5.0322,7.15383) (5.02623,7.20325) (5.0184,7.25233) (5.00873,7.30101) (4.99724,7.34923) (4.98394,7.39692) (4.96885,7.444) 
0 (3.15591,2.30756) (3.18813,2.27257) (3.22368,2.2413) (3.26218,2.21404) (3.30321,2.19101) (3.34633,2.17239) (3.39109,2.15834) (3.43704,2.14895) (3.48369,2.14426) (3.53057,2.14427) 
1 (3.15591,2.30756) (3.1265,2.34927) (3.09893,2.39214) (3.07326,2.43609) (3.04953,2.48103) (3.02777,2.52688) (3.00803,2.57354) (2.99034,2.62093) (2.97474,2.66895) (2.96123,2.71752) 
1 (5.95994,4.64981) 
0 (1.3199,7.81309) (1.31612,7.76363) (1.30743,7.71529) (1.29395,7.66853) (1.27587,7.62381) (1.25342,7.58156) (1.22686,7.54216) (1.1965,7.506) (1.16269,7.47339) (1.12578,7.44463) 
1 (1.3199,7.81309) (1.31868,7.86293) (1.31249,7.91191) (1.30144,7.95954) (1.2857,8.00536) (1.26546,8.04892) (1.24096,8.08983) (1.21251,8.12769) (1.18042,8.16216) (1.14505,8.19292) 
1 (1.3199,7.81309) (1.31868,7.86293) (1.31249,7.91191) (1.30144,7.95954) (1.2857,8.00536) (1.26546,8.04892) (1.24096,8.08983) (1.21251,8.12769) (1.18042,8.16216) (1.14505,8.19292) 
1 (5.89671,4.542) (5.94375,4.55871) (5.99088,4.5752) 
0 (5.65157,4.86959) (5.67555,4.82584) (5.69976,4.78221) (5.72419,4.73871) (5.74884,4.69533) (5.77371,4.65209) (5.7988,4.60897) (5.82411,4.56598) (5.84963,4.52312) (5.87538,4.48039) 
0 (5.65157,4.86959) (5.67597,4.82653) (5.70139,4.78409) (5.72782,4.7423) (5.75524,4.70118) (5.78365,4.66075) (5.81301,4.62104) (5.84332,4.58207) (5.87455,4.54385) (5.90669,4.50642) 
0 (5.65157,4.86959) (5.67321,4.82237) (5.69002,4.77372) (5.7019,4.72412) (5.70876,4.67409) (5.71059,4.62412) (5.70743,4.57471) (5.69935,4.52636) (5.68648,4.47954) (5.669,4.4347) 
1 (5.99185,1.64986) 
0 (1.12578,7.44463) (1.09079,7.40546) (1.05988,7.36339) (1.03333,7.31888) (1.01135,7.2724) (0.994126,7.22443) (0.981775,7.17547) (0.974372,7.12601) (0.971944,7.07656) (0.974466,7.02761) 
0 (1.12578,7.44463) (1.08838,7.41292) (1.04976,7.38274) (1.01,7.35415) (0.96914,7.32717) (0.927259,7.30186) (0.884418,7.27824) (0.840685,7.25636) (0.796129,7.23623) (0.75082,7.2179) 
1 (1.12578,7.44463) (1.16108,7.48296) (1.19307,7.52381) (1.22155,7.56689) (1.24636,7.61188) (1.26734,7.65846) (1.28437,7.7063) (1.29737,7.75505) (1.30628,7.80437) (1.31106,7.85391) 
1 (0.882061,8.56677) (0.848748,8.6042) (0.815598,8.64177) (0.78261,8.67949) (0.749784,8.71734) (0.717123,8.75534) (0.684626,8.79348) (0.652293,8.83175) (0.620126,8.87017) (0.588125,8.90872) 
0 (2.85688,7.67791) (2.82685,7.64096) (2.79328,7.60754) (2.75655,7.57796) (2.71704,7.55247) (2.67518,7.53128) (2.63142,7.51457) (2.58621,7.50246) (2.54002,7.49502) (2.49331,7.49228) 
1 (5.99185,1.64986) 
1 (5.99185,1.64986) 
0 (5.99185,1.64986) (5.94304,1.63424) (5.89603,1.614) (5.85128,1.58939) (5.80921,1.56071) (5.77021,1.52828) (5.73465,1.49246) (5.70284,1.45364) (5.67506,1.41225) (5.65156,1.36871) 
1 (0.299112,2.67987) (0.272522,2.64021) (0.242106,2.60378) (0.208204,2.57091) (0.171191,2.54191) (0.131467,2.51702) (0.0894565,2.49644) (0.0456017,2.48035) (0.000359386,2.46885) 
0 (0.299112,2.67987) (0.321383,2.7268) (0.338943,2.77522) (0.351668,2.82466) (0.359481,2.87463) (0.362355,2.92464) (0.360309,2.97421) (0.35341,3.02286) (0.341771,3.07013) (0.325551,3.11559) 
1 (5.29258,6.21236) (5.25194,6.23983) (5.21022,6.26561) (5.16749,6.28964) (5.12384,6.31189) (5.07932,6.33233) (5.03401,6.35092) (4.98799,6.36764) (4.94133,6.38247) (4.89412,6.39539) 
1 (5.99185,1.64986) 
1 (5.9959,5.91738) 
1 (5.9959,5.91738) 
1 (4.4747,1.70171) (4.50958,1.73402) (4.54751,1.76238) (4.58809,1.78655) (4.63087,1.80633) (4.67542,1.82156) (4.72127,1.83214) (4.76794,1.83801) (4.81496,1.83915) (4.86186,1.8356) 
1 (5.97887,1.22978) 
0 (5.97887,1.22978) (5.92971,1.23473) (5.8803,1.23557) (5.831,1.2323) (5.78214,1.22499) (5.73406,1.21371) (5.68708,1.19856) (5.64152,1.17969) (5.59768,1.15723) (5.55587,1.13138) 
0 (5.97887,1.22978) (5.92964,1.23349) (5.88028,1.23225) (5.8313,1.22613) (5.78317,1.21524) (5.73637,1.19973) (5.69135,1.1798) (5.64855,1.1557) (5.60837,1.1277) (5.57118,1.09614) 
1 (5.97887,1.22978) 
1 (2.77601,8.54782) (2.80704,8.5901) (2.83369,8.63483) (2.85574,8.68154) (2.87302,8.72974) (2.8854,8.77893) (2.89281,8.82862) (2.89522,8.8783) (2.89266,8.92748) (2.8852,8.97566) 
1 (2.77601,8.54782) (2.80902,8.5853) (2.84212,8.62268) (2.87532,8.65999) (2.90861,8.69721) (2.942,8.73435) (2.97548,8.7714) 
0 (2.77601,8.54782) (2.74498,8.50554) (2.71833,8.46082) (2.69628,8.41411) (2.679,8.36591) (2.66661,8.31672) (2.6592,8.26703) (2.65679,8.21735) (2.65935,8.16817) (2.66681,8.11998) 
0 (2.77601,8.54782) (2.74122,8.51541) (2.70338,8.48693) (2.66288,8.46264) (2.62015,8.44274) (2.57566,8.42738) (2.52985,8.41667) (2.4832,8.41066) (2.43619,8.40939) (2.38928,8.4128) 
0 (1.94082,6.61596) (1.93056,6.56773) (1.91705,6.52054) (1.90036,6.47458) (1.88059,6.43007) (1.85784,6.38721) (1.83223,6.34619) (1.80389,6.30719) (1.77297,6.27038) (1.73962,6.23592) 
1 (5.22788,7.37592) (5.26424,7.41004) (5.30079,7.44398) (5.33751,7.47772) (5.3744,7.51128) (5.41146,7.54464) (5.4487,7.57782) (5.4861,7.6108) (5.52368,7.64358) (5.56142,7.67617) 
1 (5.22788,7.37592) (5.26263,7.41483) (5.29391,7.45629) (5.3215,7.49997) (5.34523,7.54554) (5.36496,7.59263) (5.38056,7.64088) (5.39195,7.68994) (5.39908,7.73943) (5.40193,7.78898) 
1 (5.99088,4.5752) 
1 (5.56142,7.67617) (5.59918,7.70874) (5.63712,7.7411) (5.67523,7.77324) (5.71352,7.80518) (5.75199,7.8369) (5.79064,7.86841) (5.82945,7.8997) (5.86844,7.93078) (5.9076,7.96164) 
1 (5.56142,7.67617) (5.59738,7.71447) (5.62934,7.75577) (5.65702,7.79962) (5.68018,7.84557) (5.69863,7.89313) (5.71225,7.94181) (5.72094,7.99112) (5.72466,8.04055) (5.72343,8.08961) 
1 (5.99088,4.5752) 
0 (5.57694,3.85039) (5.55553,3.80427) (5.53617,3.75733) (5.51892,3.70968) (5.50379,3.6614) (5.49082,3.61259) (5.48002,3.56336) (5.47141,3.51379) (5.465,3.46399) (5.4608,3.41405) 
0 (5.57694,3.85039) (5.55234,3.80935) (5.52375,3.77137) (5.49152,3.73679) (5.45599,3.70593) (5.41757,3.67906) (5.37665,3.65641) (5.33367,3.63817) (5.28909,3.62447) (5.24337,3.6154) 
1 (5.9959,5.91738) 
1 (5.99185,1.64986) 
1 (1.73962,6.23592) (1.77429,6.26846) (1.81204,6.29706) (1.85245,6.32149) (1.8951,6.34154) (1.93954,6.35705) (1.98531,6.36792) (2.03193,6.37407) (2.07893,6.3755) (2.12584,6.37225) 
0 (1.73962,6.23592) (1.70555,6.20161) (1.66926,6.16979) (1.63094,6.14059) (1.59077,6.11414) (1.54891,6.09052) (1.50558,6.06984) (1.46097,6.05218) (1.41529,6.0376) (1.36873,6.02615) 
1 (1.05768,8.65879) (1.06059,8.70851) (1.06677,8.75771) (1.07615,8.80619) (1.08869,8.85375) (1.10432,8.90017) (1.12297,8.94528) (1.14453,8.98888) (1.1689,9.03078) (1.19596,9.07082) 
0 (1.05768,8.65879) (1.05534,8.60895) (1.05091,8.55934) (1.0444,8.51004) (1.03581,8.46115) (1.02517,8.41275) (1.01251,8.36493) (0.997841,8.31777) (0.981199,8.27135) (0.962617,8.22576) 
1 (1.05768,8.65879) (1.05691,8.70871) (1.05206,8.75806) (1.04319,8.80653) (1.03039,8.85378) (1.01376,8.89951) (0.993445,8.94343) (0.969607,8.98525) (0.942426,9.02471) (0.912109,9.06155) 
1 (5.99088,4.5752) 
0 (0.572288,0.871181) (0.527946,0.843695) (0.48657,0.812215) (0.448544,0.777096) (0.414214,0.738725) (0.383885,0.697518) (0.357823,0.653915) (0.336243,0.608376) (0.319318,0.561374) (0.307169,0.513394) 
1 (5.99185,1.64986) 
1 (5.9076,7.96164) (5.94692,7.99195) (5.98667,8.02168) (6.02686,8.05081) (6.06747,8.07934) (6.1085,8.10727) (6.14993,8.13458) (6.19177,8.16127) (6.23399,8.18733) (6.27659,8.21277) 
1 (5.9076,7.96164) (5.94506,7.99846) (5.97866,8.03846) (6.0081,8.08119) (6.03312,8.12621) (6.05353,8.17304) (6.06915,8.2212) (6.0799,8.27019) (6.08569,8.31951) (6.08654,8.36867) 
1 (5.99088,4.5752) 
1 (5.99088,4.5752) 
0 (1.15027,0.520797) (1.10444,0.496966) (1.06079,0.469536) (1.01961,0.438728) (0.981181,0.404787) (0.94575,0.367976) (0.913553,0.328578) (0.884795,0.286895) (0.859659,0.243238) (0.838297,0.197934) 
1 (5.15432,5.58738) (5.11325,5.61176) (5.06995,5.63169) (5.02487,5.64702) (4.97849,5.65765) (4.93128,5.6635) (4.88372,5.66459) (4.8363,5.66093) (4.78947,5.65261) (4.74371,5.63977) 
1 (5.15432,5.58738) (5.11474,5.61802) (5.07523,5.64875) (5.03579,5.67956) (4.99641,5.71046) (4.95711,5.74146) (4.91787,5.77253) (4.8787,5.8037) (4.83961,5.83495) (4.80058,5.86629) 
1 (5.15432,5.58738) (5.11325,5.61176) (5.06995,5.63169) (5.02487,5.64702) (4.97849,5.65765) (4.93128,5.6635) (4.88372,5.66459) (4.8363,5.66093) (4.78947,5.65261) (4.74371,5.63977) 
0 (5.04379,1.38595) (5.00481,1.35077) (4.96955,1.31224) (4.93831,1.27079) (4.91136,1.22685) (4.88893,1.1809) (4.87121,1.1334) (4.85831,1.08485) (4.85032,1.03575) (4.84728,0.986594) 
0 (0.974466,7.02761) (0.975593,6.97775) (0.98151,6.92869) (0.992119,6.88088) (1.00728,6.83475) (1.0268,6.79071) (1.05047,6.74915) (1.07803,6.71043) (1.10918,6.67489) (1.14361,6.64283) 
1 (5.99185,1.64987) 
1 (5.99185,1.64986) 
1 (5.99088,4.5752) 
1 (5.99088,4.5752) 
1 (6.27659,8.21277) (6.31908,8.23907) (6.3616,8.26534) (6.40415,8.29156) (6.44672,8.31773) (6.48932,8.34387) (6.53194,8.36996) (6.5746,8.396) (6.61728,8.422) (6.65998,8.44796) 
0 (2.34987,0.995692) (2.30006,0.994834) (2.25059,0.989041) (2.20194,0.978421) (2.15459,0.963126) (2.10901,0.943358) (2.06563,0.919357) (2.02486,0.891406) (1.98708,0.859824) (1.95265,0.824961) 
1 (1.1125,4.37862) (1.08245,4.42101) (1.05594,4.4654) (1.03312,4.51151) (1.01412,4.559) (0.999045,4.60757) (0.987962,4.65687) (0.980921,4.70658) (0.977941,4.75637) (0.979014,4.8059) 
1 (0.588125,8.90872) (0.556408,8.94798) (0.525452,8.98783) (0.49527,9.02826) (0.465872,9.06924) (0.437268,9.11077) (0.40947,9.15282) (0.382486,9.19539) (0.356327,9.23845) (0.331002,9.28199) 
1 (0.588125,8.90872) (0.554257,8.94225) (0.517349,8.97211) (0.477764,8.99806) (0.435886,9.01991) (0.392118,9.03749) (0.346874,9.05068) (0.300579,9.0594) (0.253664,9.0636) (0.206562,9.06331) 
1 (1.06862,0.876827) (1.10167,0.91705) (1.13129,0.959575) (1.15731,1.0041) (1.17958,1.0503) (1.19797,1.09787) (1.21239,1.14645) (1.22275,1.19573) (1.22902,1.24535) (1.23119,1.29499) 
1 (5.97887,1.22978) 
0 (5.9067,4.50642) (5.93879,4.46856) (5.97146,4.43121) 
0 (5.90669,4.50642) (5.93944,4.47026) (5.97394,4.43585) 
1 (6.65998,8.44796) (6.70288,8.47295) (6.74618,8.49723) (6.78987,8.52081) (6.83393,8.54367) (6.87835,8.5658) (6.92313,8.58722) (6.96825,8.6079) (7.01369,8.62784) (7.05945,8.64704) 
0 (6.65998,8.44796) (6.61866,8.41572) (6.58076,8.37986) (6.54664,8.34077) (6.51658,8.29887) (6.49086,8.25462) (6.46969,8.20847) (6.45323,8.16091) (6.44159,8.11243) (6.43486,8.06352) 
1 (5.9959,5.91738) 
1 (2.12584,6.37225) (2.17555,6.38241) (2.22399,6.39735) (2.27071,6.41688) (2.31523,6.44077) (2.35716,6.46871) (2.39608,6.50041) (2.43164,6.53549) (2.46353,6.57358) (2.49145,6.61427) 
0 (2.12584,6.37225) (2.07613,6.36209) (2.02769,6.34714) (1.98097,6.32761) (1.93645,6.30373) (1.89452,6.27578) (1.8556,6.24409) (1.82004,6.209) (1.78816,6.17091) (1.76023,6.13022) 
0 (0.258959,1.81117) (0.261686,1.86135) (0.25939,1.91105) (0.252144,1.95977) (0.24007,2.00705) (0.223336,2.05242) (0.202157,2.09545) (0.176787,2.13573) (0.147523,2.17289) (0.114696,2.20658) 
1 (0.258959,1.81117) (0.25393,1.76139) (0.249283,1.71157) (0.24502,1.66172) (0.24114,1.61184) (0.237643,1.56193) (0.23453,1.51201) (0.231802,1.46206) (0.229456,1.4121) (0.227495,1.36212) 
1 (5.99185,1.64987) 
0 (4.96885,7.444) (4.98468,7.39762) (5.00353,7.35259) (5.02531,7.30908) (5.0499,7.26729) (5.07718,7.22739) (5.10704,7.18953) (5.13932,7.15389) (5.17387,7.12059) (5.21054,7.08978) 
1 (4.96885,7.444) (4.95315,7.49052) (4.93469,7.53584) (4.91353,7.57982) (4.88977,7.62228) (4.86349,7.66309) (4.83482,7.7021) (4.80384,7.73918) (4.7707,7.77419) (4.73551,7.80703) 
1 (1.19596,9.07082) (1.2242,9.10924) (1.25614,9.14428) (1.29141,9.17562) (1.32963,9.20299) (1.3704,9.22615) (1.41327,9.24491) (1.45781,9.25914) (1.50354,9.26873) (1.55,9.27363) 
1 (1.19596,9.07082) (1.22223,9.11322) (1.24873,9.15548) (1.27546,9.19759) (1.30242,9.23955) (1.3296,9.28136) (1.35702,9.32302) (1.38465,9.36454) (1.41252,9.4059) (1.44061,9.44711) 
1 (1.19596,9.07082) (1.21994,9.11706) (1.23919,9.165) (1.25355,9.21413) (1.26294,9.26395) (1.2673,9.31396) (1.26666,9.36365) (1.26105,9.41253) (1.25059,9.46013) (1.23543,9.50597) 
1 (3.19914,1.91266) (3.18783,1.96021) (3.17184,2.00593) (3.15135,2.04938) (3.12663,2.09014) (3.09797,2.12784) (3.06569,2.16212) (3.03014,2.19269) (2.99172,2.21926) (2.95084,2.24162) 
1 (0.979014,4.8059) (0.976459,4.85576) (0.972316,4.90545) (0.96659,4.95494) (0.95929,5.00416) (0.950423,5.05308) (0.940001,5.10165) (0.928036,5.1498) (0.914541,5.1975) (0.899532,5.2447) 
0 (0.979014,4.8059) (0.980494,4.75591) (0.981416,4.70591) (0.98178,4.65591) (0.981586,4.60591) (0.980834,4.55592) (0.979524,4.50596) (0.977656,4.45601) (0.975232,4.4061) (0.97225,4.35622) 
1 (1.03557,4.251) (0.988851,4.26902) (0.94221,4.28723) (0.895647,4.30564) (0.84916,4.32424) (0.802752,4.34303) (0.756423,4.36202) (0.710174,4.3812) (0.664005,4.40058) (0.617918,4.42014) 
1 (1.03557,4.251) (0.988006,4.26161) (0.939623,4.26734) (0.890911,4.26817) (0.842358,4.26416) (0.794449,4.25538) (0.747656,4.24197) (0.702435,4.22412) (0.659222,4.20204) (0.61843,4.176) 
0 (1.03557,4.251) (1.08136,4.2264) (1.12446,4.19762) (1.16448,4.16499) (1.20104,4.12887) (1.23381,4.08966) (1.2625,4.04778) (1.28687,4.00367) (1.30671,3.95781) (1.32188,3.91066) 
1 (7.05945,8.64704) (7.10528,8.66641) (7.15137,8.68516) (7.1977,8.70329) (7.24428,8.72078) (7.29109,8.73763) (7.33812,8.75385) (7.38537,8.76942) (7.43282,8.78436) (7.48047,8.79865) 
0 (4.33181,2.89111) (4.36624,2.85832) (4.40377,2.82943) (4.44399,2.80471) (4.48648,2.78435) (4.53079,2.76851) (4.57646,2.75731) (4.62302,2.75082) (4.67,2.74905) (4.71692,2.75198) 
1 (5.9959,5.91738) 
1 (5.99088,4.5752) 
1 (5.99088,4.5752) 
0 (5.10179,3.97355) (5.0527,3.97806) (5.00341,3.97762) (4.95441,3.9723) (4.90619,3.96219) (4.85921,3.94744) (4.81395,3.92824) (4.77082,3.90484) (4.73025,3.8775) (4.69261,3.84654) 
1 (4.74371,5.63977) (4.69412,5.63495) (4.6444,5.63171) (4.59461,5.63003) (4.54479,5.62993) (4.49499,5.6314) (4.44526,5.63444) (4.39565,5.63904) (4.34621,5.6452) (4.29699,5.6529) 
0 (5.97146,4.43121) 
0 (5.97146,4.43121) 
1 (5.99088,4.5752) 
0 (2.21217,5.73983) (2.18245,5.69984) (2.15243,5.66007) (2.12213,5.62052) (2.09154,5.5812) (2.06066,5.54211) (2.02949,5.50325) (1.99804,5.46461) (1.96631,5.42621) (1.9343,5.38805) 
0 (5.4608,3.41405) (5.45282,3.36551) (5.44003,3.31848) (5.42261,3.27344) (5.40078,3.2308) (5.3748,3.19096) (5.34497,3.1543) (5.31164,3.12115) (5.27516,3.09181) (5.23593,3.06653) 
0 (5.4608,3.41405) (5.45734,3.3639) (5.458,3.31397) (5.46277,3.2646) (5.47156,3.21612) (5.48431,3.16885) (5.50089,3.12311) (5.52117,3.07918) (5.54499,3.03735) (5.57216,2.9979) 
0 (5.4608,3.41405) (5.45282,3.36551) (5.44003,3.31848) (5.42261,3.27344) (5.40078,3.2308) (5.3748,3.19096) (5.34497,3.1543) (5.31164,3.12115) (5.27516,3.09181) (5.23593,3.06653) 
1 (5.99185,1.64987) 
0 (0.962617,8.22576) (0.942575,8.18197) (0.918262,8.14084) (0.889963,8.10273) (0.858001,8.068) (0.822732,8.03697) (0.784541,8.00991) (0.74384,7.98704) (0.701059,7.96856) (0.656647,7.95461) 
0 (2.52779,5.52078) (2.50218,5.47752) (2.47711,5.43395) (2.45258,5.39008) (2.42859,5.34592) (2.40516,5.30147) (2.38227,5.25674) (2.35995,5.21174) (2.33818,5.16647) (2.31698,5.12094) 
0 (4.84728,0.986594) (4.84258,0.936367) (4.84291,0.886425) (4.84822,0.837262) (4.85842,0.789364) (4.87335,0.743195) (4.89282,0.699199) (4.91658,0.657796) (4.94435,0.619372) (4.97582,0.584282) 
0 (4.84728,0.986594) (4.84258,0.936367) (4.84291,0.886425) (4.84822,0.837262) (4.85842,0.789364) (4.87335,0.743195) (4.89282,0.699199) (4.91658,0.657796) (4.94435,0.619372) (4.97582,0.584282) 
0 (4.71692,2.75198) (4.76681,2.74804) (4.81665,2.74352) (4.86643,2.73841) (4.91614,2.73272) (4.96579,2.72643) (5.01536,2.71956) (5.06484,2.71211) (5.11423,2.70407) (5.16353,2.69545) 
0 (4.71692,2.75198) (4.76659,2.74148) (4.81497,2.72621) (4.86158,2.70636) (4.90597,2.68218) (4.94773,2.65395) (4.98646,2.622) (5.02181,2.58667) (5.05346,2.54836) (5.08112,2.50749) 
0 (5.89097,5.80997) (5.86707,5.76846) (5.83915,5.72995) (5.80752,5.69478) (5.77254,5.66329) (5.73459,5.63573) (5.69408,5.61236) (5.65144,5.59337) (5.60712,5.57889) (5.56157,5.56904) 
1 (0.617918,4.42014) (0.572571,4.44467) (0.529245,4.47245) (0.488186,4.50331) (0.449622,4.53705) (0.413768,4.57344) (0.38082,4.61226) (0.350957,4.65326) (0.324337,4.69619) (0.301098,4.74079) 
1 (7.48047,8.79865) (7.52767,8.8176) (7.57381,8.83893) (7.61878,8.86259) (7.66245,8.88849) (7.7047,8.91656) (7.74544,8.94672) (7.78454,8.97888) (7.82192,9.01295) (7.85746,9.04883) 
1 (7.48047,8.79865) (7.5282,8.81279) (7.57615,8.82619) (7.6243,8.83885) (7.67263,8.85075) (7.72115,8.8619) (7.76983,8.8723) (7.81867,8.88195) (7.86765,8.89083) (7.91677,8.89895) 
0 (7.48047,8.79865) (7.43369,8.77637) (7.38937,8.74978) (7.34793,8.71919) (7.30975,8.68494) (7.27518,8.64741) (7.24453,8.60701) (7.21806,8.56416) (7.19601,8.51933) (7.17854,8.47298) 
1 (5.21054,7.08978) (5.1732,7.12097) (5.1342,7.14998) (5.09367,7.17673) (5.05174,7.20114) (5.00853,7.22315) (4.96419,7.2427) (4.91884,7.25974) (4.87263,7.27422) (4.82569,7.28611) 
0 (5.21054,7.08978) (5.2479,7.05861) (5.28691,7.02964) (5.32746,7.00295) (5.36943,6.97861) (5.41266,6.95669) (5.45705,6.93725) (5.50243,6.92034) (5.54868,6.90601) (5.59565,6.89429) 
1 (0.838297,0.197934) (0.861207,0.24464) (0.87934,0.292923) (0.892562,0.342285) (0.900789,0.392222) (0.903991,0.442229) (0.902184,0.491805) (0.895437,0.540461) (0.883866,0.587718) (0.867635,0.633118) 
1 (3.44408,1.41996) (3.4727,1.46113) (3.50107,1.50246) (3.52921,1.54396) (3.55709,1.58563) (3.58473,1.62745) (3.61212,1.66944) (3.63926,1.71159) (3.66616,1.75389) (3.6928,1.79636) 
1 (5.56157,5.56904) (5.60812,5.59186) (5.65217,5.61897) (5.69329,5.65005) (5.7311,5.68475) (5.76525,5.72268) (5.79545,5.76344) (5.82143,5.8066) (5.84297,5.85168) (5.85991,5.89823) 
1 (6.43486,8.06352) (6.44551,8.11255) (6.45532,8.16175) (6.46426,8.2111) (6.47236,8.26058) (6.47959,8.31017) (6.48597,8.35987) (6.49149,8.40966) (6.49614,8.45952) (6.49993,8.50944) 
0 (6.43486,8.06352) (6.42137,8.01674) (6.40328,7.972) (6.38081,7.92973) (6.35423,7.89033) (6.32385,7.85415) (6.29001,7.82154) (6.25308,7.79277) (6.21347,7.7681) (6.17159,7.74774) 
0 (4.97582,0.584282) (5.00674,0.545679) (5.03852,0.507791) (5.07112,0.470635) (5.10454,0.434229) (5.13876,0.398592) (5.17377,0.36374) (5.20953,0.32969) (5.24605,0.296458) (5.28329,0.26406) 
1 (1.14361,6.64283) (1.10793,6.67427) (1.06929,6.70169) (1.02811,6.72486) (0.984815,6.7436) (0.939869,6.75775) (0.893734,6.76723) (0.846884,6.77198) (0.799793,6.77201) (0.752934,6.76736) 
1 (5.55587,1.13138) (5.60119,1.15196) (5.64675,1.17201) (5.69254,1.19151) (5.73857,1.21046) (5.78481,1.22887) (5.83127,1.24673) (5.87793,1.26403) (5.9248,1.28078) (5.97186,1.29697) 
1 (5.97887,1.22978) 
1 (4.47239,4.11936) (4.47487,4.16907) (4.48158,4.21803) (4.49244,4.26588) (4.50734,4.31229) (4.52614,4.35693) (4.54868,4.39949) (4.57477,4.43966) (4.60418,4.47718) (4.63669,4.5118) 
1 (4.47239,4.11936) (4.47201,4.16934) (4.47017,4.21926) (4.46688,4.26905) (4.46214,4.31868) (4.45595,4.36812) (4.44832,4.4173) (4.43927,4.46621) (4.42879,4.51479) (4.41689,4.563) 
1 (4.47239,4.11936) (4.47024,4.16908) (4.46314,4.21784) (4.4512,4.26516) (4.4346,4.31059) (4.41355,4.3537) (4.3883,4.39406) (4.35914,4.43132) (4.32641,4.46512) (4.29047,4.49516) 
1 (4.47239,4.11936) (4.47024,4.16908) (4.46314,4.21784) (4.4512,4.26516) (4.4346,4.31059) (4.41355,4.3537) (4.3883,4.39406) (4.35914,4.43132) (4.32641,4.46512) (4.29047,4.49516) 
0 (7.85746,9.04883) (7.82185,9.01021) (7.79028,8.96862) (7.76302,8.92452) (7.74029,8.87837) (7.72229,8.83066) (7.70914,8.78187) (7.70093,8.7325) (7.69768,8.68306) (7.69939,8.63403) 
0 (7.85746,9.04883) (7.82185,9.01021) (7.79028,8.96862) (7.76302,8.92452) (7.74029,8.87837) (7.72229,8.83066) (7.70914,8.78187) (7.70093,8.7325) (7.69768,8.68306) (7.69939,8.63403) 
1 (7.85746,9.04883) (7.894,9.08466) (7.92883,9.12207) (7.96188,9.16098) (7.99307,9.20131) (8.02235,9.24296) (8.04966,9.28583) (8.07494,9.32984) (8.09813,9.37488) (8.1192,9.42086) 
1 (0.331002,9.28199) (0.30736,9.32838) (0.288467,9.37643) (0.274466,9.42564) (0.265447,9.4755) (0.261451,9.52551) (0.262467,9.57517) (0.268436,9.62398) (0.279248,9.67147) (0.294748,9.71718) 
1 (3.26974,0.578323) (3.28697,0.626958) (3.29926,0.676578) (3.30653,0.726675) (3.30877,0.776746) (3.30599,0.826289) (3.29828,0.874815) (3.28577,0.92185) (3.26862,0.966938) (3.24706,1.00965) 
0 (3.26974,0.578323) (3.24936,0.533406) (3.22736,0.489311) (3.20379,0.446096) (3.17868,0.403814) (3.15206,0.36252) (3.12396,0.322266) (3.09444,0.283104) (3.06352,0.245082) (3.03125,0.208249) 
1 (6.49993,8.50944) (6.50381,8.55934) (6.50696,8.60929) (6.50939,8.65926) (6.5111,8.70926) (6.51209,8.75926) (6.51235,8.80926) (6.51189,8.85925) (6.51071,8.90922) (6.5088,8.95916) 
1 (6.5088,8.95916) (6.50477,9.00857) (6.49582,9.05684) (6.48209,9.10351) (6.46378,9.1481) (6.4411,9.19022) (6.41434,9.22945) (6.38379,9.26543) (6.3498,9.29784) (6.31274,9.3264) 
1 (6.5088,8.95916) (6.50954,9.00907) (6.51481,9.05829) (6.52454,9.10643) (6.53861,9.15308) (6.55687,9.19788) (6.57913,9.24046) (6.60517,9.2805) (6.63475,9.31769) (6.66759,9.35173) 
1 (4.80058,5.86629) (4.7623,5.90034) (4.72574,5.93614) (4.691,5.97361) (4.65814,6.01266) (4.62724,6.05318) (4.59837,6.09507) (4.57161,6.13823) (4.547,6.18254) (4.52461,6.22791) 
0 (7.69939,8.63403) (7.6979,8.58401) (7.69773,8.53401) (7.69888,8.48406) (7.70135,8.43419) (7.70513,8.38443) (7.71023,8.33483) (7.71663,8.28541) (7.72433,8.23621) (7.73333,8.18727) 
0 (5.16353,2.69545) (5.21291,2.6874) (5.26225,2.67914) (5.31157,2.67069) (5.36084,2.66203) (5.41008,2.65316) (5.45929,2.6441) (5.50845,2.63483) (5.55758,2.62536) (5.60667,2.61569) 
1 (0.899532,5.2447) (0.88403,5.29146) (0.866215,5.33727) (0.846137,5.38202) (0.823852,5.42561) (0.799419,5.46792) (0.772907,5.50885) (0.744385,5.54832) (0.713931,5.58621) (0.681624,5.62245) 
1 (0.899532,5.2447) (0.886626,5.29375) (0.876603,5.34331) (0.869487,5.39319) (0.865295,5.44323) (0.864028,5.49326) (0.865683,5.54311) (0.870243,5.59261) (0.877682,5.64159) (0.887967,5.68989) 
1 (5.3394,4.53584) (5.35321,4.58525) (5.36203,4.6353) (5.3658,4.68547) (5.36454,4.73526) (5.35833,4.78419) (5.34725,4.83176) (5.33148,4.87753) (5.31123,4.92104) (5.28673,4.96189) 
1 (4.73551,7.80703) (4.70253,7.84788) (4.6738,7.8914) (4.64956,7.93711) (4.63,7.98455) (4.61527,8.03323) (4.60548,8.08263) (4.60066,8.13228) (4.60083,8.18165) (4.60593,8.23028) 
0 (4.90433,3.68362) (4.87944,3.63779) (4.85926,3.59018) (4.84393,3.54127) (4.83356,3.49157) (4.82821,3.44159) (4.82787,3.39182) (4.8325,3.34276) (4.84201,3.2949) (4.85624,3.24869) 
0 (4.90433,3.68362) (4.87944,3.63779) (4.85926,3.59018) (4.84393,3.54127) (4.83356,3.49157) (4.82821,3.44159) (4.82787,3.39182) (4.8325,3.34276) (4.84201,3.2949) (4.85624,3.24869) 
0 (0.301098,4.74079) (0.327682,4.69853) (0.354408,4.65636) (0.381278,4.61429) (0.408291,4.5723) (0.435445,4.53041) (0.462741,4.48861) (0.490178,4.44691) (0.517757,4.4053) (0.545478,4.36378) 
0 (0.325551,3.11559) (0.311062,3.16289) (0.294794,3.20954) (0.276774,3.25548) (0.257029,3.30064) (0.23559,3.34496) (0.212491,3.38837) (0.187766,3.43082) (0.161454,3.47224) (0.133594,3.51257) 
1 (1.14505,8.19292) (1.10886,8.22487) (1.07052,8.25404) (1.03022,8.2803) (0.988171,8.30355) (0.944596,8.32368) (0.899715,8.34061) (0.853756,8.35427) (0.806951,8.3646) (0.759535,8.37158) 
0 (7.73333,8.18727) (7.74052,8.13745) (7.74535,8.08746) (7.7478,8.03742) (7.74788,7.98742) (7.74559,7.93759) (7.74094,7.88803) (7.73395,7.83886) (7.72464,7.79019) (7.71303,7.74212) 
0 (7.73333,8.18727) (7.74237,8.13834) (7.75277,8.08973) (7.7645,8.04145) (7.77757,7.99356) (7.79195,7.94608) (7.80765,7.89906) (7.82464,7.85252) (7.84291,7.8065) (7.86244,7.76105) 
1 (7.73333,8.18727) (7.72744,8.23749) (7.72659,8.28754) (7.73075,8.33693) (7.73982,8.38516) (7.75365,8.43178) (7.77207,8.47632) (7.79485,8.51836) (7.82171,8.55752) (7.85234,8.59342) 
1 (7.73333,8.18727) (7.72744,8.23749) (7.72659,8.28754) (7.73075,8.33693) (7.73982,8.38516) (7.75365,8.43178) (7.77207,8.47632) (7.79485,8.51836) (7.82171,8.55752) (7.85234,8.59342) 
0 (5.97394,4.43585) 
0 (0.294748,9.71718) (0.279632,9.67105) (0.259987,9.62712) (0.236053,9.58579) (0.208112,9.54745) (0.176484,9.51247) (0.141522,9.48115) (0.103608,9.45377) (0.06315,9.43057) (0.0205779,9.41174) 
0 (5.28329,0.26406) (5.32054,0.231239) (5.35825,0.198964) (5.39642,0.167242) (5.43505,0.136079) (5.47412,0.105482) (5.51363,0.0754576) (5.55357,0.046011) (5.59393,0.0171485) 
0 (5.97394,4.43585) 
0 (7.71303,7.74212) (7.70309,7.69291) (7.6942,7.64352) (7.68638,7.59397) (7.67963,7.54428) (7.67394,7.49449) (7.66933,7.4446) (7.66579,7.39466) (7.66333,7.34467) (7.66194,7.29466) 
1 (7.71303,7.74212) (7.72542,7.78958) (7.7415,7.83562) (7.76115,7.87997) (7.78423,7.92237) (7.81057,7.96257) (7.84,8.00033) (7.8723,8.03543) (7.90726,8.06767) (7.94466,8.09687) 
1 (2.97548,8.7714) 
0 (7.69939,8.63403) (7.69476,8.58472) (7.68527,8.5366) (7.67104,8.49013) (7.65227,8.44576) (7.62919,8.40389) (7.60207,8.36492) (7.57121,8.32921) (7.53697,8.29707) (7.4997,8.26879) 
0 (1.36873,6.02615) (1.32211,6.00374) (1.27781,5.97723) (1.23622,5.94691) (1.19768,5.91308) (1.16252,5.87608) (1.13101,5.83626) (1.10341,5.79402) (1.07993,5.74974) (1.06074,5.70384) 
1 (5.99212,1.64641) 
1 (5.99212,1.64641) 
1 (5.99212,1.64641) 
0 (1.32188,3.91066) (1.34014,3.86287) (1.35508,3.81417) (1.36664,3.76479) (1.37478,3.71497) (1.37948,3.66494) (1.38072,3.61494) (1.37853,3.56522) (1.37293,3.51599) (1.36396,3.4675) 
1 (1.32188,3.91066) (1.30434,3.95922) (1.29174,4.00878) (1.28416,4.05886) (1.28161,4.10894) (1.28407,4.15853) (1.29147,4.20713) (1.30368,4.25427) (1.32054,4.29949) (1.34184,4.34236) 
0 (7.86244,7.76105) (7.88143,7.71481) (7.90044,7.66857) (7.91948,7.62235) (7.93855,7.57614) (7.95763,7.52993) (7.97675,7.48374) (7.99588,7.43756) (8.01505,7.39139) (8.03423,7.34523) 
0 (8.03423,7.34523) (8.05414,7.29999) (8.07545,7.25544) (8.09816,7.21163) (8.12223,7.1686) (8.14765,7.12639) (8.17438,7.08504) (8.20239,7.04459) (8.23167,7.00508) (8.26218,6.96656) 
1 (1.75966,2.50273) (1.80922,2.49133) (1.85739,2.47517) (1.90371,2.45447) (1.94773,2.42948) (1.98904,2.40048) (2.02725,2.36782) (2.062,2.33186) (2.09299,2.29297) (2.11995,2.2516) 
1 (5.97887,1.22978) 
0 (7.66194,7.29466) (7.6602,7.24468) (7.65888,7.19469) (7.65797,7.14469) (7.65747,7.09469) (7.65739,7.04468) (7.65772,6.99469) (7.65847,6.9447) (7.65963,6.89472) (7.66121,6.84476) 
0 (7.66194,7.29466) (7.65839,7.24503) (7.65164,7.19593) (7.64175,7.14757) (7.62876,7.10015) (7.61275,7.05385) (7.59379,7.00888) (7.57197,6.9654) (7.54739,6.9236) (7.52018,6.88363) 
1 (7.66121,6.84476) (7.65734,6.89421) (7.64856,6.94253) (7.635,6.98925) (7.61684,7.03393) (7.59432,7.07614) (7.56769,7.11547) (7.53726,7.15158) (7.50339,7.18412) (7.46643,7.21281) 
1 (3.68788,3.94874) (3.73722,3.9616) (3.78504,3.97917) 
0 (4.52461,6.22791) (4.55084,6.18799) (4.58092,6.15127) (4.61452,6.11808) (4.65127,6.08874) (4.69076,6.06348) (4.73258,6.04252) (4.77628,6.02603) (4.82141,6.01412) (4.8675,6.00688) 
1 (1.75272,6.86046) (1.70533,6.8783) (1.6587,6.89803) (1.61291,6.91959) (1.56803,6.94295) (1.52413,6.96807) (1.48129,6.9949) (1.43956,7.02341) (1.39903,7.05353) (1.35975,7.08522) 
1 (2.596,8.15255) (2.58438,8.2) (2.56808,8.24559) (2.54731,8.28887) (2.52232,8.32944) (2.49341,8.36692) (2.4609,8.40097) (2.42515,8.43128) (2.38655,8.45759) (2.34552,8.47967) 
1 (2.2907,3.58748) (2.28609,3.63678) (2.27658,3.6849) (2.26232,3.73134) (2.2435,3.77568) (2.22034,3.81748) (2.19312,3.85636) (2.16216,3.89195) (2.1278,3.92393) (2.09042,3.95202) 
1 (5.99212,1.64641) 
1 (5.99185,1.64987) 
0 (8.26218,6.96656) (8.29207,6.92621) (8.3216,6.88559) (8.35075,6.84471) (8.37954,6.80357) (8.40795,6.76218) (8.43599,6.72053) (8.46364,6.67864) (8.49092,6.6365) (8.51781,6.59412) 
0 (8.26218,6.96656) (8.2942,6.93138) (8.32957,6.89991) (8.36791,6.87242) (8.4088,6.84915) (8.45181,6.8303) (8.49648,6.816) (8.54236,6.80635) (8.58898,6.8014) (8.63585,6.80115) 
1 (1.55,9.27364) (1.59879,9.28452) (1.64759,9.29537) (1.6964,9.3062) (1.74522,9.31699) (1.79404,9.32776) (1.84287,9.33849) (1.8917,9.3492) (1.94055,9.35987) (1.98939,9.37051) 
1 (5.97887,1.22978) 
0 (3.78504,3.97917) (3.73673,3.96153) (3.69043,3.93935) (3.64657,3.91291) (3.60557,3.8825) (3.56781,3.84847) (3.53363,3.81121) (3.50335,3.77111) (3.47723,3.72859) (3.45547,3.68412) 
0 (5.97394,4.43585) 
0 (5.669,4.4347) (5.65175,4.38951) (5.63008,4.34671) (5.60425,4.3067) (5.57455,4.26986) (5.54132,4.23652) (5.50493,4.20698) (5.46577,4.1815) (5.42426,4.16029) (5.38085,4.14351) 
0 (5.08112,2.50749) (5.11507,2.47329) (5.15144,2.44185) (5.19001,2.41333) (5.23058,2.38786) (5.27291,2.36557) (5.31676,2.34656) (5.36189,2.33091) (5.40804,2.3187) (5.45497,2.30996) 
0 (8.51781,6.59412) (8.54402,6.55044) (8.56837,6.50577) (8.59081,6.4602) (8.61131,6.4138) (8.62984,6.36666) (8.64637,6.31887) (8.66087,6.27051) (8.67331,6.22167) (8.68369,6.17244) 
0 (4.60593,8.23028) (4.60695,8.18041) (4.61295,8.13139) (4.62382,8.0837) (4.63939,8.03781) (4.65946,7.99415) (4.6838,7.95313) (4.7121,7.91515) (4.74406,7.88054) (4.77931,7.84963) 
1 (4.60593,8.23028) (4.60829,8.28013) (4.61241,8.32981) (4.6183,8.37926) (4.62593,8.42839) (4.63531,8.47717) (4.6464,8.52552) (4.65921,8.57339) (4.6737,8.62071) (4.68987,8.66743) 
1 (1.44061,9.44711) (1.47037,9.48465) (1.50332,9.51916) (1.53916,9.55039) (1.57761,9.57813) (1.61834,9.60219) (1.66102,9.62241) (1.70532,9.63866) (1.75087,9.65086) (1.79731,9.65894) 
1 (5.99185,1.64987) 
1 (5.45497,2.30996) (5.40757,2.33056) (5.36247,2.35556) (5.3201,2.38467) (5.28084,2.41755) (5.24505,2.45384) (5.21307,2.49314) (5.18518,2.53502) (5.1616,2.57906) (5.14254,2.62477) 
1 (0.681624,5.62245) (0.651634,5.66519) (0.625701,5.71014) (0.604012,5.75689) (0.586713,5.80503) (0.573916,5.85415) (0.565689,5.90381) (0.562064,5.9536) (0.563033,6.00309) (0.568549,6.05186) 
1 (0.681624,5.62245) (0.648388,5.65728) (0.612619,5.68931) (0.574534,5.71838) (0.534365,5.74433) (0.492352,5.76704) (0.448746,5.7864) (0.403803,5.80231) (0.357788,5.8147) (0.310969,5.82352) 
1 (7.46643,7.21281) (7.43098,7.25081) (7.3986,7.29122) (7.36946,7.33377) (7.34372,7.3782) (7.32153,7.42423) (7.30298,7.47156) (7.28819,7.5199) (7.2772,7.56895) (7.27006,7.6184) 
0 (7.46643,7.21281) (7.50365,7.18032) (7.54165,7.14878) (7.5804,7.11819) (7.61989,7.08856) (7.66009,7.05993) (7.70097,7.0323) (7.74252,7.00569) (7.7847,6.98011) (7.82749,6.95559) 
1 (6.31274,9.3264) (6.27756,9.36541) (6.24645,9.40733) (6.21969,9.45172) (6.19748,9.4981) (6.18002,9.54599) (6.16743,9.5949) (6.15978,9.64433) (6.1571,9.69378) (6.15938,9.74276) 
0 (6.31274,9.3264) (6.35087,9.29685) (6.39105,9.27032) (6.43307,9.24693) (6.47668,9.2268) (6.52164,9.21) (6.56772,9.19662) (6.61465,9.1867) (6.66218,9.18028) (6.71005,9.17738) 
1 (6.31274,9.3264) (6.27583,9.36015) (6.23894,9.39392) (6.20208,9.42772) (6.16523,9.46155) (6.12842,9.49541) (6.09163,9.52929) (6.05486,9.5632) (6.01811,9.59713) (5.98139,9.6311) 
1 (1.98939,9.37051) (2.03869,9.37382) (2.08807,9.37218) (2.13704,9.36567) (2.18512,9.35438) (2.23183,9.33849) (2.27671,9.31819) (2.31935,9.29374) (2.35934,9.26542) (2.39629,9.23356) 
1 (1.98939,9.37051) (2.03803,9.38385) (2.08616,9.39893) (2.1337,9.41573) (2.1806,9.43422) (2.2268,9.45438) (2.27223,9.47617) (2.31685,9.49957) (2.36058,9.52455) (2.40338,9.55106) 
1 (5.99185,1.64987) 
1 (5.97186,1.29697) 
1 (7.91677,8.89895) (7.96594,8.90755) (8.01519,8.91571) (8.06451,8.92342) (8.1139,8.9307) (8.16336,8.93753) (8.21287,8.94392) (8.26243,8.94987) (8.31205,8.95537) (8.36172,8.96043) 
1 (4.85624,3.24869) (4.84249,3.29537) (4.82414,3.33998) (4.80142,3.3821) (4.77462,3.42133) (4.74404,3.45732) (4.71001,3.48972) (4.67292,3.51827) (4.63317,3.5427) (4.59117,3.56281) 
1 (4.85624,3.24869) (4.84249,3.29537) (4.82414,3.33998) (4.80142,3.3821) (4.77462,3.42133) (4.74404,3.45732) (4.71001,3.48972) (4.67292,3.51827) (4.63317,3.5427) (4.59117,3.56281) 
0 (4.69261,3.84654) (4.65166,3.8138) (4.61419,3.77747) (4.58053,3.73797) (4.55098,3.69572) (4.52579,3.65116) (4.50518,3.60477) (4.48931,3.55703) (4.47828,3.50842) (4.47215,3.45945) 
0 (4.29699,5.6529) (4.34634,5.64008) (4.39416,5.62255) (4.44,5.60053) (4.48341,5.57428) (4.52398,5.54412) (4.56134,5.51038) (4.59514,5.47343) (4.62508,5.43367) (4.65091,5.39154) 
1 (1.79731,9.65894) (1.84511,9.67586) (1.89205,9.69498) (1.93804,9.71626) (1.98297,9.73964) (2.02674,9.76505) (2.06927,9.79245) (2.11045,9.82177) (2.1502,9.85293) (2.18844,9.88586) 
1 (2.43221,8.0445) (2.39267,8.07858) (2.35631,8.11576) (2.32339,8.1557) (2.29414,8.19809) (2.26876,8.24255) (2.24743,8.28874) (2.23028,8.33626) (2.2174,8.38473) (2.20888,8.43377) 
0 (4.77931,7.84963) (4.81587,7.8192) (4.85529,7.79286) (4.89714,7.77083) (4.94097,7.75329) (4.98635,7.74036) (5.03278,7.73214) (5.0798,7.72864) (5.12694,7.72988) (5.17372,7.73577) 
1 (7.27006,7.6184) (7.25752,7.66553) (7.24034,7.71071) (7.21874,7.7535) (7.19297,7.79351) (7.16333,7.83036) (7.13017,7.86372) (7.09384,7.89328) (7.05474,7.91879) (7.01328,7.94004) 
0 (8.68369,6.17244) (8.69691,6.12507) (8.71311,6.07882) (8.73223,6.03389) (8.75416,5.99044) (8.77882,5.94865) (8.80609,5.90869) (8.83584,5.87069) (8.86796,5.83482) (8.90229,5.8012) 
1 (0.568549,6.05186) (0.571908,6.10161) (0.577262,6.1511) (0.5846,6.20026) (0.593907,6.249) (0.605163,6.29726) (0.618349,6.34494) (0.63344,6.39198) (0.650408,6.43831) (0.669223,6.48383) 
0 (0.568549,6.05186) (0.564381,6.00235) (0.556631,5.95353) (0.545358,5.90565) (0.530641,5.85897) (0.512574,5.81373) (0.491272,5.77015) (0.466863,5.72846) (0.439493,5.68886) (0.409321,5.65156) 
1 (0.75082,7.2179) (0.795108,7.24548) (0.836421,7.27705) (0.874376,7.31225) (0.908627,7.3507) (0.938869,7.39197) (0.96484,7.43563) (0.986322,7.48121) (1.00315,7.52825) (1.01519,7.57625) 
0 (7.82749,6.95559) (7.86878,6.92331) (7.90664,6.88741) (7.94073,6.84828) (7.97074,6.80636) (7.99642,6.76208) (8.01755,6.71591) (8.03396,6.66834) (8.04554,6.61985) (8.05223,6.57093) 
1 (6.15938,9.74276) (6.15534,9.79217) (6.14639,9.84045) (6.13267,9.88711) (6.11435,9.93171) (6.09168,9.97382) 
0 (8.90229,5.8012) (8.93567,5.76302) (8.96794,5.72393) (8.99907,5.68397) (9.02906,5.64316) (9.05786,5.60155) (9.08545,5.55916) (9.11183,5.51603) (9.13696,5.47221) (9.16082,5.42771) 
0 (8.90229,5.8012) (8.93798,5.76978) (8.97662,5.74236) (9.01781,5.7192) (9.06111,5.70047) (9.10606,5.68633) (9.15219,5.67686) (9.19905,5.67212) (9.24614,5.6721) (9.293,5.67676) 
0 (2.23823,0.374985) (2.21233,0.334827) (2.18255,0.297843) (2.14923,0.26437) (2.11273,0.234709) (2.07345,0.209117) (2.03181,0.18781) (1.98826,0.170957) (1.94323,0.158684) (1.89721,0.151066) 
1 (2.23823,0.374985) (2.25974,0.422248) (2.27642,0.47094) (2.28815,0.52056) (2.29488,0.570603) (2.29657,0.620566) (2.29326,0.669949) (2.28505,0.718265) (2.27205,0.765041) (2.25444,0.809827) 
1 (5.99212,1.64641) 
1 (5.99185,1.64987) 
0 (0.97225,4.35622) (0.967594,4.30682) (0.959083,4.25823) (0.946794,4.21075) (0.930824,4.16467) (0.911295,4.12027) (0.888348,4.07779) (0.862146,4.0375) (0.832868,3.99962) (0.800715,3.96438) 
1 (7.17854,8.47298) (7.19959,8.51942) (7.21819,8.56677) (7.23429,8.6149) (7.24785,8.66368) (7.25885,8.71296) (7.26726,8.76261) (7.27306,8.8125) (7.27625,8.86248) (7.27682,8.91243) 
0 (8.05223,6.57093) (8.063,6.52199) (8.07325,6.47294) (8.08299,6.4238) (8.09221,6.37456) (8.10092,6.32523) (8.1091,6.27583) (8.11677,6.22634) (8.12392,6.17678) (8.13055,6.12715) 
0 (9.16082,5.42771) (9.1852,5.38373) (9.20897,5.33941) (9.23213,5.29478) (9.25466,5.24985) (9.27658,5.20461) (9.29787,5.15909) (9.31852,5.11328) (9.33855,5.06721) (9.35793,5.02086) 
0 (9.16082,5.42771) (9.18329,5.38083) (9.20096,5.33241) (9.21371,5.28296) (9.22147,5.23298) (9.22419,5.18299) (9.22191,5.13347) (9.21469,5.08491) (9.20267,5.0378) (9.186,4.99259) 
0 (9.16082,5.42771) (9.18667,5.38633) (9.21473,5.34653) (9.24492,5.30843) (9.27713,5.27214) (9.31126,5.23775) (9.34722,5.20537) (9.38488,5.17509) (9.42413,5.14699) (9.46485,5.12114) 
0 (8.13056,6.12715) (8.1375,6.07765) (8.14454,6.02816) (8.15168,5.97869) (8.15892,5.92923) (8.16625,5.87979) (8.17368,5.83035) (8.18121,5.78094) (8.18883,5.73154) (8.19655,5.68215) 
1 (4.68987,8.66743) (4.70763,8.71237) (4.72978,8.75488) (4.75607,8.79455) (4.78619,8.83101) (4.8198,8.86394) (4.85653,8.89304) (4.89598,8.91805) (4.93773,8.93877) (4.98135,8.95504) 
1 (4.68987,8.66743) (4.70287,8.71698) (4.71087,8.76709) (4.71382,8.81724) (4.71175,8.86693) (4.70473,8.91568) (4.69288,8.96299) (4.67636,9.00843) (4.6554,9.05154) (4.63023,9.09192) 
0 (4.68987,8.66743) (4.67211,8.62248) (4.64995,8.57997) (4.62366,8.5403) (4.59354,8.50384) (4.55993,8.47091) (4.5232,8.44181) (4.48375,8.4168) (4.442,8.39608) (4.39839,8.37982) 
0 (9.35793,5.02086) (9.37737,4.97454) (9.39618,4.92797) (9.41438,4.88116) (9.43196,4.83412) (9.44892,4.78687) (9.46524,4.7394) (9.48094,4.69173) (9.49601,4.64386) (9.51044,4.59581) 
0 (8.19655,5.68215) (8.20426,5.63276) (8.21203,5.58338) (8.21987,5.53401) (8.22778,5.48465) (8.23575,5.4353) (8.24379,5.38596) (8.25189,5.33663) (8.26006,5.28731) (8.2683,5.23801) 
0 (8.19655,5.68215) (8.2059,5.63368) (8.2185,5.58617) (8.2343,5.53983) (8.2532,5.49489) (8.2751,5.45153) (8.29989,5.40996) (8.32744,5.37034) (8.35761,5.33286) (8.39025,5.29768) 
0 (8.19655,5.68215) (8.20668,5.63422) (8.22154,5.58801) (8.24095,5.54397) (8.26465,5.50252) (8.29237,5.46404) (8.32379,5.42889) (8.35857,5.39739) (8.39632,5.36981) (8.43663,5.3464) 
0 (8.2683,5.23801) (8.27587,5.18839) (8.28217,5.13863) (8.2872,5.08876) (8.29096,5.03881) (8.29344,4.98881) (8.29464,4.9388) (8.29457,4.8888) (8.29323,4.83886) (8.2906,4.78899) 
1 (8.2683,5.23801) (8.25764,5.28577) (8.24228,5.33177) (8.22239,5.37555) (8.19824,5.4167) (8.1701,5.45483) (8.13829,5.4896) (8.10317,5.52069) (8.06512,5.54782) (8.02455,5.57077) 
0 (8.2906,4.78899) (8.28614,4.73966) (8.27678,4.69151) (8.26266,4.645) (8.24396,4.6006) (8.22092,4.55872) (8.19382,4.51975) (8.16296,4.48406) (8.1287,4.45197) (8.0914,4.42376) 
0 (8.0914,4.42376) (8.05472,4.38864) (8.01915,4.35243) (7.98472,4.31517) (7.95148,4.27688) (7.91944,4.23762) (7.88865,4.19741) (7.85913,4.1563) (7.8309,4.11433) (7.804,4.07155) 
0 (8.0914,4.42376) (8.05328,4.39352) (8.01355,4.36553) (7.97233,4.33986) (7.92975,4.31659) (7.88595,4.29577) (7.84106,4.27748) (7.79523,4.26175) (7.7486,4.24863) (7.70131,4.23814) 
1 (8.36172,8.96043) (8.41134,8.96734) (8.46085,8.97504) (8.51023,8.98351) (8.55946,8.99277) (8.60855,9.00281) (8.65747,9.01363) (8.70621,9.02521) (8.75476,9.03757) (8.80311,9.0507) 
0 (9.186,4.99259) (9.17242,4.94424) (9.15968,4.89567) (9.14779,4.8469) (9.13675,4.79794) (9.12657,4.74882) (9.11724,4.69954) (9.10878,4.65012) (9.10117,4.60057) (9.09443,4.55092) 
1 (9.186,4.99259) (9.19997,5.04062) (9.21389,5.08866) (9.22774,5.13672) (9.24154,5.1848) (9.25528,5.23289) (9.26896,5.281) (9.28258,5.32912) (9.29615,5.37726) (9.30965,5.42542) 
0 (9.186,4.99259) (9.17034,4.94621) (9.15148,4.90126) (9.12953,4.85794) (9.10462,4.81647) (9.07688,4.77704) (9.04645,4.73982) (9.0135,4.70499) (8.97821,4.67271) (8.94074,4.64311) 
0 (4.61547,1.35217) (4.58126,1.31249) (4.55096,1.27011) (4.52482,1.22545) (4.50303,1.17892) (4.48577,1.13096) (4.47313,1.08202) (4.46519,1.03254) (4.46199,0.982987) (4.4635,0.933799) 
0 (7.804,4.07155) (7.77831,4.02611) (7.75729,3.9788) (7.7411,3.93011) (7.72985,3.88054) (7.72361,3.83059) (7.72238,3.78077) (7.72613,3.73158) (7.73478,3.68349) (7.74818,3.63698) 
1 (8.02455,5.57077) (7.98307,5.59755) (7.94087,5.62315) (7.89798,5.64756) (7.85444,5.67077) (7.81027,5.69276) (7.76552,5.71351) (7.72021,5.733) (7.67439,5.75123) (7.62808,5.76818) 
0 (9.51044,4.59581) (9.52509,4.54792) (9.53947,4.49996) (9.5536,4.45192) (9.56747,4.40381) (9.58109,4.35562) (9.59444,4.30737) (9.60753,4.25905) (9.62037,4.21065) (9.63295,4.16219) 
0 (4.4635,0.933799) (4.46394,0.883865) (4.46936,0.834723) (4.47966,0.786854) (4.49469,0.740725) (4.51425,0.696778) (4.53809,0.655432) (4.56595,0.617074) (4.5975,0.582057) (4.63238,0.550697) 
1 (4.63023,9.09192) (4.60902,9.13924) (4.59251,9.18793) (4.5808,9.23754) (4.57396,9.28757) (4.57201,9.33756) (4.57491,9.38702) (4.5826,9.43551) (4.59496,9.48257) (4.61183,9.52777) 
0 (4.63023,9.09192) (4.65578,9.05152) (4.68524,9.01426) (4.71828,8.98049) (4.75452,8.95051) (4.79357,8.92457) (4.83502,8.9029) (4.87842,8.88567) (4.92333,8.87301) (4.96927,8.865) 
1 (8.1192,9.42086) (8.14211,9.46502) (8.16557,9.50887) (8.18959,9.55242) (8.21414,9.59566) (8.23925,9.63858) (8.26488,9.68117) (8.29106,9.72343) (8.31776,9.76535) (8.34499,9.80693) 
0 (0.669223,6.48383) (0.649546,6.4393) (0.626715,6.39652) (0.600865,6.35571) (0.572146,6.31707) (0.54072,6.2808) (0.506766,6.24706) (0.470472,6.21602) (0.432039,6.18783) (0.391676,6.16262) 
1 (5.98139,9.6311) (5.94538,9.66727) (5.91089,9.70484) (5.878,9.74375) (5.84676,9.78392) (5.8172,9.82529) (5.7894,9.86777) (5.76338,9.9113) (5.73919,9.9558) 
0 (9.63295,4.16219) (9.64541,4.11365) (9.65739,4.06498) (9.66887,4.01621) (9.67987,3.96732) (9.69038,3.91833) (9.70039,3.86925) (9.70991,3.82007) (9.71894,3.7708) (9.72747,3.72145) 
0 (9.72747,3.72145) (9.73583,3.67201) (9.74334,3.62245) (9.75,3.57278) (9.75581,3.52302) (9.76076,3.47319) (9.76486,3.42329) (9.76809,3.37334) (9.77047,3.32335) (9.77199,3.27335) 
0 (9.77199,3.27335) (9.77358,3.22336) (9.77443,3.17335) (9.77452,3.12335) (9.77387,3.07336) (9.77247,3.0234) (9.77033,2.97348) (9.76744,2.92361) (9.76381,2.8738) (9.75943,2.82406) 
0 (7.74818,3.63698) (7.76104,3.58997) (7.77853,3.54494) (7.80043,3.50232) (7.82647,3.46251) (7.85636,3.42589) (7.88976,3.39278) (7.92629,3.36349) (7.96557,3.33826) (8.00716,3.31731) 
0 (7.74818,3.63698) (7.75651,3.58698) (7.76052,3.53682) (7.76023,3.48687) (7.75566,3.4375) (7.74688,3.38906) (7.73398,3.3419) (7.71709,3.29636) (7.69636,3.25276) (7.67197,3.21141) 
1 (7.94466,8.09687) (7.98261,8.12783) (8.02183,8.1571) (8.06224,8.18466) (8.10378,8.21044) (8.14636,8.23442) (8.18991,8.25654) (8.23435,8.27678) (8.2796,8.2951) (8.32558,8.31148) 
1 (9.30965,5.42542) (9.32315,5.47358) (9.33658,5.52177) (9.34994,5.56997) (9.36322,5.6182) (9.37643,5.66644) (9.38956,5.7147) (9.40263,5.76299) (9.41562,5.81129) (9.42853,5.85961) 
0 (0.307169,0.513394) (0.28811,0.469094) (0.264724,0.42735) (0.237288,0.388554) (0.206115,0.353064) (0.171555,0.321201) (0.133986,0.293248) (0.0938149,0.269445) (0.0514678,0.249988) (0.00738992,0.23503) 
0 (1.23543,9.50597) (1.25018,9.45969) (1.26948,9.41557) (1.29308,9.37402) (1.32071,9.33544) (1.35206,9.30018) (1.38677,9.26857) (1.42446,9.24087) (1.46474,9.21733) (1.50715,9.19815) 
0 (8.00716,3.31731) (8.0485,3.28617) (8.08744,3.25225) (8.12379,3.21576) (8.15736,3.17691) (8.18799,3.13591) (8.21553,3.093) (8.23985,3.04842) (8.26083,3.00243) (8.27839,2.95527) 
0 (8.43663,5.3464) (8.47786,5.3194) (8.51991,5.29371) (8.56273,5.26937) (8.60629,5.24638) (8.65054,5.22479) (8.69544,5.20459) (8.74095,5.18582) (8.78701,5.16848) (8.83359,5.1526) 
0 (8.27839,2.95527) (8.29856,2.90921) (8.31802,2.86286) (8.33678,2.81623) (8.35482,2.76933) (8.37214,2.72217) (8.38874,2.67476) (8.40461,2.62711) (8.41975,2.57924) (8.43415,2.53115) 
